000000080002 71323
000000080016 62033
000000128016 61211
000000128024 45691
000000080024 36372
000000080004 21040
000000128002 14967
000000000000 13951
002246128016 12939
000000160002 12703
065250128016 11128
000000128017 10782
122110128016 9838
175050080016 9416
000000160018 8699
073208080016 8437
094117128016 8276
219041128016 7691
061199128016 7480
188139128016 7122
050232128016 7037
160038080016 6923
176126128016 6624
000000080017 6255
100216128016 6006
173064128016 5768
102215128016 5666
199136128016 5465
090036128016 5290
069164128016 5220
036150128016 5173
054179128016 4948
000000096002 4769
133104128016 4354
239160080016 4231
030096128016 4223
134049128016 4124
144176080016 4121
056218128016 4099
148210128016 4090
136155128016 3772
124254128016 3772
203015128016 3725
148085128016 3703
035241128016 3648
159170128016 3643
000000128018 3625
000000176016 3304
214048128016 3259
196026080016 3258
056143128016 3257
205157128016 3253
170232128016 3248
130227128016 3186
075188080016 3176
178199128016 3108
243155128016 3094
011007128016 3074
163002128016 3048
000000112018 3000
168039080016 2998
072031128016 2980
152206128016 2979
193227080024 2977
102072128016 2930
000000112002 2924
041046128016 2917
040195080016 2895
204049128016 2894
074138080016 2894
111151128016 2843
062011080016 2805
069103080016 2775
009016128016 2757
178178080016 2746
084205128016 2735
002043080016 2680
162230128016 2658
231198080016 2624
000000128194 2585
208214080024 2584
000000080020 2567
158133128016 2557
205118128016 2513
068131128016 2492
017236080016 2481
079121128016 2470
132097128016 2459
216040128016 2452
209196128016 2438
218109128016 2430
064024080016 2397
097173080016 2392
010031080016 2353
025250080016 2350
025172128016 2324
127006128016 2315
106110080016 2309
053068128016 2308
161148128016 2305
251181080016 2292
127188128016 2291
000000240016 2283
200177080016 2234
125051080016 2224
150127128016 2217
064147128016 2215
175067128016 2204
207000128016 2198
211242128016 2196
102157128016 2185
174021080016 2156
108215080016 2105
068120080016 2104
124209080016 2100
008018128016 2092
062041080016 2091
247216128016 2087
233021128016 2067
039236080016 2064
226155080016 2056
148126128016 2039
165134080016 2031
065169080016 2028
185132080016 2025
135175080016 2024
250179080016 2020
035123080016 2015
136053128016 2011
050094128016 2009
059223080016 2009
051119080016 2007
002151080016 2005
070166128016 1999
069223080016 1997
015112128016 1991
181061080016 1988
006236080016 1982
237084080016 1968
029022080016 1942
013245080016 1927
201176128016 1923
000000208016 1920
000000080025 1912
224053128016 1866
156218128016 1865
021080080016 1863
148225128016 1859
245213128016 1854
020042080016 1838
182166128016 1826
023204128016 1824
140147080016 1820
166197128016 1812
138036080016 1809
121039128016 1799
136065128016 1783
115242128016 1782
214212080016 1766
095210080016 1765
026036080016 1764
062244128016 1761
017088080016 1758
128248128016 1757
029052128016 1743
102150080016 1742
176030080016 1739
109019128016 1730
176009080016 1717
046212128016 1716
157237080024 1715
238245128016 1711
250081128016 1709
054155128016 1708
110036080016 1696
047121080016 1692
061238128016 1690
000000176002 1686
171171080016 1677
050177128016 1677
196094080016 1674
062004080016 1672
092032128016 1664
013231128016 1659
160021128016 1656
146249128016 1655
136208128016 1655
160218128016 1649
200171128016 1649
037031128016 1648
128177128016 1648
095168128016 1647
030040128016 1643
037222128016 1628
155076128016 1627
177193080016 1626
188122128016 1625
074107128016 1622
120061128016 1619
213250128016 1616
152135128016 1614
162052128016 1612
076232080016 1612
135231080016 1610
061009080016 1606
223208128016 1604
058132128016 1604
124204128016 1602
169217128016 1601
128083128016 1601
201219128016 1591
245002128016 1589
094078128016 1584
069141080016 1582
152242128016 1578
026082128016 1574
232082128016 1572
065011128016 1568
137175128016 1568
177200128016 1567
104161080016 1562
120145128016 1562
015071128016 1555
161238128016 1554
105215128016 1553
033140128016 1551
193177128016 1549
052012128016 1548
085029080016 1545
082249128016 1545
149087128016 1541
107108128016 1539
247094128016 1535
005185128016 1534
244134128016 1532
044233128016 1532
127133128016 1530
118112128016 1529
047083128016 1529
024228080016 1528
047229128016 1527
087241128016 1525
121207128016 1524
153213128016 1523
254174128016 1521
178034128016 1518
253061128016 1518
251167128016 1517
135028128016 1517
023176128016 1515
134083128016 1514
013143128016 1514
167126128016 1509
064190128016 1507
051010128016 1503
193036128016 1503
191235128016 1502
148159128016 1499
250000128016 1498
250069128016 1498
041098128016 1498
159125128016 1497
129091128016 1494
191130128016 1494
096111128016 1491
036132080016 1491
156226128016 1487
042160128016 1487
141216128016 1486
119197128016 1486
129223128016 1485
135235128016 1485
030230128016 1484
239038128016 1484
156217128016 1482
038221128016 1482
074104128016 1480
173000128016 1478
178251128016 1477
071244128016 1476
018034080024 1475
067042128016 1475
032091128016 1474
243055128016 1473
061255128016 1473
094042128016 1472
023044128016 1472
131055128016 1471
097050128016 1470
152045128016 1467
105044128016 1467
136130128016 1466
126131128016 1465
128173080016 1464
183234080016 1462
094008128016 1462
163213128016 1461
111191128016 1460
066118128016 1459
101002128016 1458
042152128016 1457
125095128016 1457
034208128016 1456
241127128016 1456
042060080016 1453
012245080016 1449
183140128016 1449
222238128016 1448
099239128016 1447
069225128016 1447
064248128016 1445
140221128016 1443
031015128016 1443
161249128016 1443
210002128016 1441
104210128016 1441
141213128016 1441
201232128016 1441
230105128016 1439
029126128016 1439
061128128016 1437
238199128016 1436
116062128016 1436
053055128016 1435
095117128016 1435
146158128016 1434
212033128016 1433
175115080016 1431
185006128016 1429
144044128016 1428
053173080016 1427
101113128016 1426
070150128016 1426
056198128016 1424
056056128016 1424
191069080016 1424
155125128016 1424
175125128016 1422
169169128016 1421
053017128016 1420
002187128016 1420
143249128016 1419
028106128016 1419
061058128016 1416
137229128016 1414
151017128016 1414
046179128016 1414
074060080016 1412
252162128016 1412
068132128016 1411
031133128016 1411
156230128016 1410
019014080016 1410
073093128016 1409
253155128016 1409
249023128016 1405
140229128016 1404
010032128016 1404
077167128016 1403
037059128016 1402
009220128016 1402
219002128016 1401
141018128016 1398
011171128016 1397
160255128016 1396
144078080016 1395
121159128016 1395
164007128016 1393
037145128016 1393
181081128016 1392
000000128025 1392
213196128016 1392
158032128016 1392
158081128016 1391
040165128016 1390
136163128016 1388
179203080016 1387
180119128016 1386
160081128016 1386
067119080016 1386
234167128016 1385
172061128016 1384
017156128016 1382
018104080016 1381
144091128016 1381
108160128016 1380
010240080016 1379
086057128016 1379
191060080016 1377
112114128016 1377
207159128016 1375
198044128016 1373
114127128016 1371
047082128016 1371
154105128016 1370
007028128016 1368
231141128016 1368
168166128016 1367
174027128016 1366
152095128016 1363