001001032224
001010068205
001041139205
001041149085
001074090244
001180247003
001244083078
003040038059
003047089187
003047135065
003047216204
003062167001
003065175124
003069220142
003073197200
003144208007
003145144002
003145181133
003147163191
003198127072
003204254195
005002056073
005132201160
005132211109
005219222202
005246001140
008001090207
008001152148
008003010085
008003053187
008009243217
012159067207
013101048253
013102237045
013105122242
013106192210
013129171016
013140163021
013143165035
013241090139
014018163194
014030242109
014119034000
014179071088
015233115038
016226083177
016226096169
018016212055
018022060174
018024062248
018032048064
018043252020
018049057225
018055061123
018055244240
018089196203
018103043186
018103090244
024199030028
024212239144
027039075234
027155031173
028005250048
031029147246
031029148106
031072109175
031093148067
031095224209
031209219067
034020225001
034025098008
034026047038
034027056001
034051240018
034053119195
034053209081
034055186193
034163176246
035013030105
035078152055
036243054242
037081244067
037084110090
037115235054
037249095059
037254234100
037254239167
038181029206
038181029216
039105049078
039107157211
041229172127
042123123246
042131227092
042190213124
043030212103
043122246066
045011006183
045018108001
045031009016
045033199097
045048091118
045057047208
045057078188
045057179228
045074194204
045077172116
045085106038
045085109062
045085128096
045085139065
045115245121
045156000060
045222127117
045229162184
045230225223
045238063168
045238063216
045238063231
045238186085
045240224084
045241221156
045241221157
045242148094
045242148143
045242148155
045242148223
045247181152
045251230146
045252050078
045252050109
045252050117
045252050132
045252050157
045252050189
046040042226
046040043060
046153027197
046153047074
046153096071
046153143235
046154086042
047104134028
047123166011
047126059237
047126125157
047140171034
047147028177
047148092132
047152052073
047152123047
047154033228
047154172240
047155061213
049001237123
049050049060
049050174060
049145221133
049174094100
049236131115
049238028195
049239067099
049239098202
050123132152
050123148230
050123176072
050127056143
051040105142
051113079156
051164022203
051164028153
051164031120
051169057063
051173064180
051173182135
051190168109
051190174079
051228027006
051231124131
052068110048
052068201127
052075048252
052160184041
052182161161
052186231111
052188208216
052203092037
054036004042
054036141234
054064193181
054068073227
054089165225
054132047132
054140227015
054178045174
054185099167
054194193185
054204072132
054205110077
054208058026
054229115212
058002097023
058067088197
058072062005
058203162051
058213031008
060131134209
060144110102
060194163151
060206129044
061024143166
061128229107
061180147130
061208128140
061223130226
061243180179
061254084224
061254085021
062204024195
062223096074
064028032133
064028042180
064028045001
064028067189
064028108185
064030237066
064030237244
064030238198
065253172048
065253233206
066000195146
066000208022
066000222222
066024081177
067139088151
067165161225
067181170070
067182161203
067182166191
068171104201
068246038075
068246072056
069137056193
069148070002
069148070005
069148070006
069148070022
069154247251
069180238068
069219042145
071114131113
071116017159
071126035238
071185138218
071199022231
071199022232
071199022234
071199022235
071199022237
071199039023
071199066215
071199077069
071199077070
071199084108
071199100024
071199102007
072239229147
073171046030
074103231034
074127213128
074127213129
074127213130
074127213131
074127213132
074127213133
074127213134
074127213135
074127213136
074127213137
074127213138
074127213139
074127213140
074127213141
074127213142
074127213143
074127213144
074127213145
074127213146
074127213147
074127213148
074127213149
074127213150
074127213151
074127213152
074127213153
074127213154
074127213155
074127213156
074127213157
074127213158
074127213159
074127213224
074127213225
074127213226
074127213227
074127213228
074127213229
074127213230
074127213231
074127213232
074127213233
074127213234
074127213235
074127213236
074127213237
074127213238
074127213239
075005072170
075005079009
075122147237
075122147254
075122151077
077019023193
077121107173
077182104247
077200250089
078004136076
078032112238
078032112243
078032113130
078036176155
078150099148
078154056009
079124061000
079124061175
079124061201
079124061210
080161248217
080185041189
080189182119
080189185033
080189185134
080189185222
081068054104
081070081042
081070156155
081092121005
081164006206
081165159059
082011128250
082077051170
082094036190
082103103101
082164042196
082175085247
083089205002
085011149149
085072011051
085076247253
087126117170
087127235111
088240116142
089038211124
089131094176
089135101049
089135101052
089135101053
089135101061
089135101103
089135101119
089135101152
089135101155
089135101166
089135101221
089135101222
089135111236
089175117230
089221246075
091001147150
091016173000
091019245101
091024169146
091024171211
091024171212
091029151043
092134174202
092134174205
092134174222
092134174250
092134174253
092134175001
092134175005
092134175010
092134175013
092134175017
092134175021
092134175025
092134175029
092134175034
092134175037
092134175042
092134175049
092134175053
092134175058
092134175061
092206056035
092206056043
092206056089
092206057073
093125191206
093169191093
094016081116
094016087141
094027103076
094153177185
094153177209
094199074132
095062068191
096142025249
098103042228
098114151205
101029018177
101029037174
101120175165
101181192111
101216140102
103075222141
103077174225
103180053053
103227186073
103241177045
103241177097
103241177177
103245080157
104004039051
104008091100
104008093189
104008127225
104022102028
104022116161
104023053202
104023196061
104023203229
104045080177
104045080183
104045080187
104045080190
104045080192
104045080198
104045080200
104045080204
104045080211
104045080214
104045080217
104045080220
104045080224
104045080230
104045080238
104045080242
104045080247
104045080253
104058161187
104067129208
104067134113
104067228207
104076051178
104079124196
104079124201
104079124211
104079124214
104079124217
104079124223
104079124225
104079124231
104079124232
104079124237
104079124242
104079124248
104079124253
106008041101
106008196238
106048074240
106048105068
106048184021
106049051066
106050020032
106050083118
106050149164
106050170039
106050208138
106050212127
106051054015
106051129149
106051171202
106051205157
106051207164
106051217189
106051224232
106085007197
106085033104
106085043025
106085053016
106085056249
106085060042
106085124012
106085146050
106085148228
106085149064
106085163191
106085181039
107133073208
107148189079
107169099002
107172148181
107186252108
107186254208
108092230216
109127059090
110012063116
110027184048
110190019029
111024076058
111024226131
111025050178
112098142077
112181051178
113096147210
113178046208
113199253218
113221084075
114115044240
114245238226
115103231016
115253096230
116058092143
116072023057
116219239231
116219244117
116237071056
117002016047
117002026219
117002027074
117002067204
117002087052
117002124005
117192086195
117216154255
117243001040
118161248074
118194203098
118201156115
118201201039
118220024048
119012254250
119085212111
119114156046
119171211147
119195070060
120180106149
120180125185
120180144195
120249174008
120251252205
121055029207
121086155044
121089136145
121101026047
121214170116
121216140159
121228203083
121239061102
121239144104
122003101155
122159041255
122166011198
122216142111
122228012144
123048064203
123048090094
123049238170
123050050079
123204059048
123247084060
124103036060
124120077132
124120227204
124123113085
124184018124
125173252212
125239127234
127125063248
128018209130
128018209133
128018209141
128018209146
128018209154
128018209157
128018209201
128030001216
128030001220
128216037156
128216040084
128216107077
128216164237
128216189235
128216227189
129076085109
129087035185
129192131004
131103194196
131103195058
133010048003
133199122030
133199122117
133218001112
133218043205
133218102012
133218137225
133218138041
133218139008
133218139010
133218139121
133218139140
133218140238
133218145055
133218145200
133218145209
133218145241
133218149041
133218212225
133218222106
134062086071
134062104166
134062136238
134062155210
134062165094
134062211117
134108204157
134139169034
134139241066
134139241071
134139241074
134139242005
134139253009
134139255214
135118194192
138063183029
138071074229
138197160073
138197194133
139053032199
139053100011
139053119011
139053225172
139129230189
139162036242
139162066036
139162084156
139162094056
139162098244
139162099056
139162105083
139162110053
139162110062
139162113180
139162118246
139162120121
139162124250
139162127196
139162159038
139162187091
139162226062
139162247088
139177046124
139216037149
139227089248
140137174192
140188034007
142015002208
142136163026
142173026053
142173028017
142173080068
142173140187
142173146230
142173223164
142173237154
142173238140
142173239062
142173242201
142215146150
143197189211
144084201088
145152118241
146052162035
146052247209
146055039122
147198025037
147198189192
147204083108
152048030220
153224024002
154016169188
154016195124
154170122068
155090007051
155167002024
156174232055
156184097236
157009053027
157009066132
157026021225
157026026104
157026222113
157026226007
157026232144
157026241132
157026247121
158186026009
159045013122
159045073038
159045088027
159045170254
159161039115
159161041036
159161169140
159161232185
159190021149
159190038130
159190080135
161029017031
161029020045
161029092136
161029140080
161029207058
161029226133
161097075149
161097176110
162138123018
162138123020
162138123022
162138123025
162138123026
162138123027
162138123030
162138123098
162138123099
162138123100
162138123105
162138123106
162138123107
162138123108
162138123109
162138123111
162138123112
162138123114
162138123115
162138123117
162138123118
162138123119
162138123122
162138123124
162138123126
162138123127
162138123210
162138123211
162138123214
162138123215
162138123218
162138123219
162138123221
162138123222
162138123239
162252017169
162252229030
162254162143
163189014131
163189024238
163189042230
163189048229
163189048238
163189054223
163189075072
163189076191
163189078023
163189079005
163189079042
163189081239
163189086244
163189088205
163189096080
163189096081
163189096082
163189096083
163189096122
163189096123
163189096125
163189096126
163189096127
163189143148
163189150051
163189150251
163189161018
163189203118
163189206237
163189229002
163189230136
163189230218
163189239052
163189243048
163189255220
163206168085
163206243111
163215083084
164181081008
164196033078
164196033079
164196033082
165099120254
165249045128
165249130163
165249154078
165249173232
167068026249
167068058230
167068158235
167099045031
167136166160
167136166161
167136166162
167136166163
167136166164
167136166165
167136166166
167136166167
167136166168
167136166169
167136166170
167136166171
167136166172
167136166173
167136166174
167136166175
167136166176
167136166177
167136166178
167136166179
167136166180
167136166181
167136166183
167136166184
167136166185
167136166186
167136166187
167136166188
167136166189
167136166190
167136166191
167136166240
167136166241
167136166242
167136166243
167136166244
167136166245
167136166246
167136166247
167136166248
167136166249
167136166250
167136166251
167136166252
167136166253
167136166254
167136166255
167212098186
167212108096
167212129233
168059108212
169194159142
170034187000
170034187004
170034187008
170034187013
170034187017
170034187025
170034187033
170034187038
170034187041
170034187046
170034187048
170034187055
170034187063
171066072148
171214092210
172004039129
172104002208
172104070125
172104079172
172104089125
172104091036
172104091077
172104111096
172104111223
172104113203
172104118043
172104122157
172104126052
172104187112
172104242093
172105016072
172105033173
172105060036
172105089181
172105144253
172105145109
172105148002
172105148006
172105160098
172105186187
172105193082
172105196141
172105207241
172105209102
172105216000
172105238242
172105245025
172122209254
172246192165
173182052202
174244048080
174244101086
174244103103
175018040134
175049139071
175056045229
176060110223
177047220217
177127031164
177136061193
177163113117
177163114098
178085116068
178127029242
178127033220
178127130225
178127149070
178127251250
178166144097
178173146043
178248018158
178248204107
179217186100
180168000085
180168135220
180168232113
180168242210
180191139233
181126227070
181191015215
181240163009
182048245062
182090244124
182118047108
182124184214
182242083145
183012248142
183036007119
183047030218
183047030220
183047030241
183148220117
183149105183
183175041103
184234145112
185006040050
185006041120
185006042234
185006043109
185016228240
185016231216
185016231220
185016231221
185033198139
185034026150
185037069223
185037069242
185045227001
185045227005
185045227010
185045227014
185045227018
185045227021
185045227025
185045227029
185045227033
185045227037
185045227042
185045227045
185045227049
185045227053
185045227058
185045227062
185054154243
185059182170
185072009086
185089208010
185089208011
185105007218
185107180240
185118129002
185202021233
185213120177
185241200122
186115040054
187210027119
188116053051
188138226071
188157106042
188177111150
188228032007
188228033222
188228037207
188228038063
188228038240
188228050240
188228051177
188228054090
188228054239
188228058218
188228061033
188228062008
188228062135
188228117116
188228163122
188228164194
188228239187
188234067074
191254244068
192003202238
192034169107
192099163182
192187216129
192254009039
192254032037
192254039115
192254039162
192254040115
192254041137
192254050149
192254052035
193017000019
193028099027
193135136023
193135138101
193171193143
193194026040
193194026193
193194027169
193194027200
193232251075
193249023206
194027187208
194053183012
194062230012
194062230058
194154113186
195054040216
195111201060
195122033021
195243101148
196179218229
197006060077
198063105254
198070211054
198070217032
198070246086
198156077068
198209039109
198248207117
199135222223
201108152160
202004030145
202004030160
202009065034
202009065188
202009077001
202009086013
202009093065
202009093067
202009101006
202009119021
202009119023
202091106123
202166059101
202182120149
202193082056
202193082167
202193082206
202193082252
202193083135
202193083179
202193085004
202193085017
202223166241
203110215018
203118108133
203122249025
203194162022
203194180138
203194180154
203194180223
203194181139
203194183171
203194183174
203194183176
203194183185
203194184012
203194184081
203194184118
203194184186
203194185037
203194185083
203194185114
203194185173
203194185198
203194185209
203194186026
203194186182
203194188136
203194188143
203194188214
203194188243
203194189024
203194189115
203194190000
203194190067
203194190172
203194190173
203234174058
203234174115
204020252113
205049011041
205049013200
206142075004
206142144060
207183048048
207247023201
208071148036
208071151075
209030110213
209030110240
209030111193
209030111253
209097071241
209205226146
209205233200
209205240243
209205243140
209205245078
209205251195
209205253120
211039110083
211159085003
212160071118
213032002175
213108170201
213175007003
218179116224
218179151248
218185196023
219173106163
219177242141
219177255243
220112116239
220198162128
220198205120
220250029019
221093249020
221094109026
221207238193
222084081137
222163098210
222225216201
222232205249
223006098044
223015169023
223061102066
