250  1
2108  1
57998  1
653  1
565  1
578  1
710  1
1317  1
943  1
1905  1
1268  1
4018  1
809  1
1490  1
947  1
796  1
556  1
1702  1
888  1
474  1
665  1
5379  1
1289  1
5939  1
732  1
2278  1
798  1
879  1
8144  1
864  1
890  1
573  1
1123  1
1397  1
970  1
317  1
1287  1
1355  1
1077  1
1046  1
641  2
1968  1
3918  1
686  1
345  1
1548  1
1432  1
1431  1
2174  1
1422  1
1129  1
392  3
935  1
857  1
1047  1
1140  1
974  1
1025  1
1673  1
1372  1
534  1
1120  2
1833  1
1429  1
287  1
1964  1
1949  1
1295  1
1393  2
1816  1
792  1
1284  1
1160  1
632  1
341  1
692  1
601  1
1071  1
1115  1
933  1
1775  1
625  1
433  1
545  1
2240  1
1346  1
318  3
335  1
776  2
1281  1
3746  1
2012  1
339  3
866  2
1473  1
914  1
214  2
1402  1
454  2
319  1
1124  1
529  1
113  18
210  4
1319  2
300  6
440  2
451  1
402  1
1511  1
212  9
495  3
503  2
292  3
1401  1
408  5
1517  2
274  4
351  2
1460  1
407  4
328  5
1437  5
895  1
1436  3
327  1
1257  1
148  11
175  5
1075  1
321  2
5866  1
270  3
808  1
196  6
517  3
1326  1
217  7
1472  2
363  1
236  9
1582  1
473  3
322  4
812  2
1064  1
1551  1
442  5
713  1
172  7
4114  1
787  1
130  12
1239  3
108  16
1217  1
1023  1
1485  2
376  1
915  1
374  6
1946  1
1450  6
476  4
174  7
414  3
265  6
1374  2
186  9
964  2
112  16
2330  1
930  1
1498  2
1457  2
348  2
296  4
246  3
313  5
1070  2
166  13
289  7
1398  3
978  1
337  2
1446  10
494  2
1603  2
516  2
1625  1
526  5
1448  6
190  4
199  8
243  6
336  6
1445  8
160  13
1453  3
344  2
151  9
307  3
1416  2
1027  1
486  2
137  26
893  2
705  1
1814  1
164  8
766  3
225  6
161  8
1464  1
355  2
1934  2
825  2
249  4
1358  1
401  4
247  6
1356  1
1455  4
346  3
404  5
211  8
919  2
885  4
1034  5
122  14
1231  1
2049  1
940  1
967  1
372  2
1481  2
223  11
754  1
1863  1
420  4
2486  1
129  22
3456  1
128  12
1237  1
1028  3
208  4
1407  2
298  3
325  7
1434  3
410  4
443  4
124  10
1412  1
303  5
946  1
421  5
1530  1
226  10
1335  2
518  3
768  3
227  4
1336  1
1079  3
538  3
1428  1
742  1
603  1
2960  1
201  5
1421  2
312  3
377  2
1486  1
918  2
882  1
131  19
1240  1
672  2
97  34
1206  1
456  5
717  4
3074  1
910  1
1451  4
342  3
241  4
1350  1
279  3
221  5
786  3
153  10
956  2
254  6
1501  2
193  8
838  1
297  3
1365  2
3583  1
256  5
283  7
1392  2
929  1
388  4
436  3
1545  1
260  8
219  7
200  7
1348  1
239  3
1375  1
206  4
434  3
2652  1
295  1
273  4
1382  2
248  3
1357  1
145  12
1254  1
1542  3
905  2
364  7
1438  4
329  3
356  3
1465  1
195  4
1304  1
736  5
134  15
839  3
387  2
146  14
1462  2
353  3
127  13
708  3
95  34
1204  1
674  2
133  24
1242  1
343  3
1452  7
733  5
261  8
1370  2
1884  1
775  4
1607  2
498  3
171  13
1253  1
144  18
4580  1
1458  6
349  7
1440  5
331  1
259  5
417  4
2076  2
30360  1
59  105
652  2
111  27
77  54
1186  1
50  103
591  3
2809  1
334  5
1443  13
738  1
1847  1
197  7
770  3
229  8
86  34
467  1
117  19
52  120
83  25
163  13
704  1
69  68
4505  1
326  3
1435  1
45  136
781  2
240  3
123  14
779  5
4952  1
238  6
1347  1
621  1
1730  1
80  37
1189  1
842  1
71  59
93  41
1202  2
619  2
78  42
181  5
154  7
575  2
34  264
574  1
33  282
290  3
1399  2
438  2
2221  1
3  35891
57  94
1166  1
2537  1
180  8
62  71
478  3
40  167
1149  1
61  87
126  16
1235  1
507  1
198  7
156  17
1495  1
1111  2
2  51429
29  361
1138  2
73  47
1182  1
51  122
115  25
89  26
1198  2
79  42
1415  1
333  5
1442  9
76  47
571  2
30  337
1139  1
604  3
63  84
27  445
42  165
299  6
357  4
1466  1
1439  8
330  2
43  165
2190  1
26  512
1135  1
138  21
1247  1
552  3
413  3
2770  1
471  1
11  5189
56  107
15  2146
54  129
2272  1
284  3
14  2678
1583  1
1042  2
28  412
1137  2
818  2
277  7
1386  2
791  2
1900  1
21  883
85  30
2442  1
224  7
278  5
1387  1
554  2
1636  1
13  3303
1122  1
1  141169
1056  1
515  5
60  81
1169  1
11895  1
110  23
2328  1
237  6
393  2
136  15
1094  1
553  1
1662  1
12  4151
1121  1
803  1
32  299
41  163
1089  1
7  14602
1116  1
66  54
4  29605
1113  2
1316  1
1038  1
5752  1
207  3
234  5
75  37
5  24121
191  10
448  4
1146  1
37  204
605  2
64  70
576  2
1685  1
35  212
1144  1
547  2
1088  2
6  18858
263  4
8  11693
522  3
735  2
1844  1
194  7
67  63
24  616
10  6729
1119  1
9  8881
68  57
1177  1
38  181
58  85
2276  1
70  50
1179  1
1164  1
55  132
82  36
22  711
1704  1
81  36
1190  2
338  3
1447  12
18  1388
275  5
557  2
1098  1
3316  1
16  1870
143  9
1252  1
25  524
1134  1
539  1
293  6
384  3
2741  1
577  3
36  230
39  178
23  664
691  1
150  18
31  335
971  1
430  4
173  15
590  2
48  116
639  4
98  30
1207  1
294  5
47  110
304  3
2942  1
585  3
44  128
17  1641
558  4
419  5
2776  1
587  1
46  129
1155  1
1074  1
19  1237
1128  2
560  2
158  16
1461  4
352  2
96  27
629  2
88  35
1197  2
100  28
1743  1
120  12
1229  1
435  2
1477  1
594  1
53  102
109  24
360  7
103  27
142  17
1251  1
91  50
1200  1
889  3
101  18
1210  1
74  41
2014  1
6728  1
1183  1
615  3
114  22
2332  1
202  10
1311  1
459  3
450  2
991  2
761  3
220  7
90  36
728  4
187  10
696  3
155  10
209  6
107  27
446  3
251  7
1360  1
2050  2
941  1
84  39
391  4
932  1
118  11
72  69
230  6
147  9
1256  1
92  33
633  4
119  20
720  2
218  7
65  77
169  8
922  2
140  8
141  22
1250  1
726  4
185  4
1294  2
104  22
1052  1
511  1
135  15
105  28
132  9
1241  1
673  2
159  15
20  1051
2377  1
903  2
1444  16
149  5
1258  1
406  2
157  12
1266  1
774  2
4101  1
233  4
748  2
1857  1
464  3
1005  1
184  8
1293  1
725  2
102  27
1211  2
359  5
121  25
228  7
424  4
87  35
1196  1
205  12
1003  2
462  3
125  16
1234  1
152  21
1261  1
711  1
170  7
116  18
709  3
168  14
635  2
94  24
324  5
1433  2
865  2
794  1
253  6
483  2
1024  1
640  1
99  29
465  2
106  25
222  3
908  1
367  5
1449  7
340  3
680  4
139  19
177  7
432  4
1263  1
5977  1
630  1
332  2
3798  1
1441  5
896  1
1794  1
685  3
286  2
267  3
694  2
1803  1
1480  1
216  4
1325  4
563  2
2096  1
987  1
280  5
1054  3
1491  1
382  2
762  1
1871  1
320  4
288  1
162  2
165  7
1274  1
950  1
2059  1
445  1
801  1
358  2
231  5
1340  2
675  2
271  3
751  2
192  5
1301  2
369  1
536  3
1645  1
461  2
1487  2
378  2
179  5
729  3
2047  1
938  1
1891  1
602  1
1711  1
623  1
203  7
268  2
1427  2
997  1
616  2
548  2
966  1
255  3
426  4
262  6
1006  2
429  1
425  5
447  5
638  1
1747  1
1341  1
232  1
897  1
712  2
611  1
749  3
411  6
821  3
876  2
1044  1
535  1
731  5
984  1
799  2
400  3
379  1
281  6
354  4
532  3
618  2
24984  1
1414  1
305  4
651  1
361  3
375  4
555  2
1664  1
460  1
643  2
900  2
513  2
514  2
951  1
242  4
1351  1
913  1
852  1
399  1
819  2
593  1
499  3
793  2
311  3
487  1
502  1
858  2
530  3
508  2
1322  2
213  1
679  1
1788  2
427  2
917  1
923  3
597  2
911  2
1033  1
836  1
490  1
537  3
1646  1
1040  1
743  1
690  1
1909  1
182  7
370  4
2727  1
724  1
531  1
5245  1
1353  3
244  4
628  1
189  6
316  1
385  1
308  3
1417  1
485  2
541  2
167  9
1276  1
769  1
549  2
1658  1
993  4
272  4
843  2
570  2
2053  1
777  4
1036  1
979  1
2062  1
1614  1
505  1
942  1
2051  2
449  2
504  4
49  126
2406  1
188  1
482  4
840  3
1606  1
741  2
1096  1
264  7
676  1
373  1
1482  1
455  6
983  1
783  2
1051  2
4378  1
381  2
689  1
403  4
2079  1
542  1
1105  1
649  2
1463  2
3820  1
493  1
739  4
470  3
703  2
1983  1
645  2
383  5
1492  1
416  3
1091  1
851  2
4219  1
245  4
1049  1
667  3
654  2
972  1
718  2
588  3
1975  1
204  6
1313  1
458  3
637  2
314  4
366  2
1475  1
512  1
20795  1
700  1
568  3
437  1
301  3
683  3
441  3
1553  1
444  1
235  3
3888  1
561  1
778  2
767  2
2129  1
423  3
1532  1
867  2
699  2
1787  1
4144  1
817  3
520  2
323  3
380  2
1489  1
310  3
677  1
405  1
1514  1
266  7
2623  1
668  2
472  1
877  2
362  2
1841  1
655  1
755  1
999  2
906  2
46375  1
371  7
2728  1
814  3
1923  1
1400  2
291  4
723  2
806  2
1106  1
662  1
904  2
894  2
844  1
1855  1
746  1
804  2
178  4
860  1
688  3
600  1
945  1
579  2
1688  1
789  1
1507  2
1911  1
1729  1
415  3
697  1
519  1
1078  2
701  2
807  1
3016  1
659  1
981  2
745  2
1854  1
899  1
183  8
921  1
1527  1
418  1
853  1
863  1
1361  2
252  4
765  2
722  4
1540  1
12216  1
431  1
412  3
2036  1
1029  1
606  2
1715  1
707  2
569  1
506  1
2031  1
4388  1
721  1
1404  2
65043  1
5108  1
394  2
544  1
347  1
488  1
15501  1
1796  1
1324  1
215  4
660  1
1936  1
457  2
936  1
397  3
753  2
797  1
834  1
752  3
596  3
491  4
849  1
850  1
3207  1
884  1
484  3
500  3
644  1
886  2
315  4
176  8
2533  1
988  1
1418  4
309  1
734  2
715  3
562  2
1032  2
543  1
702  2
1811  1
1016  2
395  1
257  3
3900  1
1634  1
2834  1
477  3
841  1
795  1
550  1
1391  2
282  1
1577  1
822  3
3179  1
657  2
965  1
396  1
773  2
912  2
764  1
631  2
589  2
757  1
439  3
855  2
883  1
727  2
422  1
389  2
2746  1
533  2
614  1
390  2
977  1
698  2
622  1
1426  1
805  1
661  1
1001  1
409  1
1518  1
551  1
957  1
258  2
1109  1
285  4
492  1
1107  1
1053  1
828  1
695  1
682  1
1454  3
501  1
5461  1
730  2
1045  1
613  1
763  2
1030  1
872  1
11604  1
2176  1
1062  2
582  2
4337  1
627  1
924  1
898  2
975  1
428  2
469  1
581  2
737  1
567  1
276  2
