real distribution
1 11644820
2 1187425
3 217595
4 67380
5 35762
6 26434
7 20341
8 13013
9 12640
10 15061
11 16169
12 14194
13 10003
14 6193
15 3565
16 2286
17 1896
18 1882
19 1906
20 1699
21 1650
22 2662
23 7479
24 7121
25 2341
26 888
27 706
28 620
29 555
30 513
31 434
32 606
33 303
34 272
35 221
36 200
37 201
38 184
39 154
40 151
41 124
42 145
43 151
44 139
45 287
46 409
47 1166
48 62
49 62
50 29
51 25
52 26
53 22
54 20
55 23
56 13
57 17
58 12
59 6
60 12
61 7
62 11
63 8
64 47
65 18
66 5
67 9
68 6
69 5
70 5
71 4
72 3
73 3
74 8
75 3
76 5
77 4
78 3
79 2
80 3
81 3
82 2
84 5
85 1
86 1
87 3
88 2
89 1
90 3
91 3
93 1
94 2
97 1
98 2
99 2
100 1
101 2
104 1
105 2
107 1
112 1
114 1
118 1
122 3
123 1
124 1
125 1
131 5
132 1
136 1
138 1
139 1
143 1
149 1
158 1
159 2
160 4
161 3
162 8
163 10
164 3
165 3
167 2
168 3
169 1
186 1
205 1
249 1
273 1
282 1
346 1
446 1
463 1
517 2
519 1
520 1
HLL value distribution
752 1
793 1
796 1
816 2
829 1
838 1
839 1
850 1
853 1
861 1
865 1
873 1
876 2
877 1
881 1
882 1
886 2
889 2
891 3
893 1
894 2
900 1
904 1
906 1
907 1
910 1
911 2
915 2
917 2
918 1
923 3
924 3
925 3
926 1
928 1
929 1
930 1
932 2
933 3
935 3
936 1
938 1
939 3
940 1
941 3
942 1
943 3
945 3
946 1
948 4
950 2
951 1
952 2
953 4
955 1
956 2
957 3
958 3
960 1
961 5
962 1
963 1
964 1
966 3
967 2
968 2
969 3
971 2
972 2
973 2
974 3
975 1
976 1
977 5
978 4
979 2
980 3
981 2
982 4
983 1
984 2
985 3
986 6
987 1
988 2
989 3
990 3
991 6
992 3
993 7
994 1
995 1
996 2
998 1
999 3
1000 3
1001 2
1002 2
1003 4
1004 2
1005 6
1006 3
1008 5
1009 3
1010 3
1011 8
1012 5
1013 4
1014 3
1015 4
1016 3
1017 3
1018 7
1019 3
1020 3
1021 4
1022 10
1023 2
1024 7
1025 9
1026 3
1027 6
1028 5
1029 5
1030 7
1031 7
1033 11
1034 5
1035 1
1036 5
1037 7
1038 3
1039 6
1040 10
1041 2
1042 5
1043 10
1044 3
1045 3
1046 7
1047 8
1048 3
1049 3
1050 9
1051 6
1052 5
1053 7
1054 3
1056 6
1057 4
1058 20
1059 11
1060 4
1061 8
1062 11
1063 5
1064 4
1065 12
1066 2
1067 5
1068 3
1069 7
1070 9
1071 2
1072 12
1073 4
1074 9
1075 14
1076 10
1077 1
1078 12
1079 8
1080 8
1081 9
1082 11
1083 3
1084 10
1085 9
1086 5
1087 7
1088 9
1089 10
1090 8
1091 9
1092 5
1093 4
1094 7
1095 10
1097 6
1098 9
1099 13
1100 10
1101 4
1102 20
1103 4
1104 7
1105 7
1106 17
1107 9
1108 2
1109 11
1110 7
1111 9
1112 13
1113 10
1114 11
1115 4
1116 13
1117 3
1118 6
1119 6
1120 12
1121 15
1122 4
1123 9
1124 4
1125 11
1126 9
1127 9
1128 7
1129 14
1130 27
1131 5
1132 12
1133 11
1134 10
1135 8
1136 6
1137 7
1138 14
1139 7
1140 14
1141 18
1142 5
1143 8
1144 11
1145 15
1146 8
1147 12
1148 6
1149 18
1150 3
1151 10
1152 12
1153 25
1154 19
1155 4
1156 16
1157 10
1158 19
1159 4
1160 23
1161 8
1162 13
1163 9
1164 22
1165 10
1166 12
1167 10
1168 22
1169 8
1170 16
1171 13
1172 13
1173 9
1174 19
1175 13
1176 6
1177 11
1178 11
1179 19
1180 15
1181 11
1182 16
1183 26
1184 22
1185 15
1186 21
1187 21
1188 21
1189 11
1190 20
1191 21
1192 19
1193 11
1194 15
1195 17
1196 19
1197 16
1198 23
1199 22
1200 28
1201 9
1202 7
1203 16
1204 26
1205 20
1206 21
1207 12
1208 25
1209 12
1210 25
1211 14
1212 21
1213 8
1214 19
1215 16
1216 28
1217 9
1218 26
1219 17
1220 31
1221 12
1222 12
1223 22
1224 13
1225 27
1226 11
1227 28
1228 23
1229 20
1230 13
1231 26
1232 21
1233 31
1234 8
1235 12
1236 19
1237 14
1238 27
1239 10
1240 29
1241 21
1242 30
1243 6
1244 27
1245 16
1246 41
1247 7
1248 12
1249 30
1250 29
1251 32
1252 22
1253 20
1254 18
1255 44
1256 16
1257 25
1258 3
1259 22
1260 24
1261 19
1262 24
1263 16
1264 26
1265 9
1266 29
1267 5
1268 38
1269 37
1270 18
1271 17
1272 13
1273 35
1274 13
1275 10
1276 22
1277 30
1278 31
1279 13
1280 32
1281 24
1282 15
1283 21
1284 25
1285 35
1286 12
1287 37
1288 22
1289 10
1290 31
1291 39
1292 37
1293 20
1294 39
1295 3
1296 24
1297 43
1298 11
1299 42
1300 18
1301 27
1302 29
1303 19
1304 34
1305 32
1306 46
1307 6
1308 28
1309 27
1310 20
1311 36
1312 29
1313 10
1314 39
1315 33
1316 36
1317 20
1318 14
1319 26
1320 26
1321 42
1322 18
1323 39
1324 6
1325 26
1326 29
1327 18
1328 36
1329 6
1330 26
1331 37
1332 17
1333 16
1334 25
1335 28
1336 32
1337 22
1338 10
1339 25
1340 30
1341 39
1342 23
1343 14
1344 28
1345 23
1346 53
1347 5
1348 31
1349 51
1350 16
1351 56
1352 9
1353 33
1354 34
1355 28
1356 20
1357 48
1358 12
1359 41
1360 16
1361 22
1362 31
1363 22
1364 39
1365 11
1366 31
1367 38
1368 28
1369 19
1370 38
1371 21
1372 65
1373 7
1374 32
1375 32
1376 40
1377 17
1378 37
1379 32
1380 19
1381 31
1382 26
1383 54
1384 11
1385 27
1386 33
1387 35
1388 19
1389 36
1390 18
1391 51
1392 13
1393 38
1394 57
1395 5
1396 34
1397 44
1398 42
1399 24
1400 53
1401 20
1402 44
1403 12
1404 26
1405 56
1406 11
1407 30
1408 31
1409 34
1410 9
1411 35
1412 27
1413 23
1414 38
1415 38
1416 15
1417 35
1418 21
1419 54
1420 11
1421 22
1422 65
1423 8
1424 31
1425 31
1426 11
1427 37
1428 46
1429 26
1430 11
1431 35
1432 37
1433 20
1434 48
1435 33
1436 25
1437 52
1438 21
1439 17
1440 43
1441 28
1442 19
1443 46
1444 25
1445 33
1446 53
1447 29
1448 18
1449 35
1450 21
1451 26
1452 41
1453 20
1454 24
1455 37
1456 33
1457 18
1458 47
1459 26
1460 17
1461 46
1462 27
1463 22
1464 38
1465 16
1466 22
1467 39
1468 26
1469 25
1470 37
1471 19
1472 19
1473 30
1474 40
1475 28
1476 30
1477 28
1478 13
1479 26
1480 31
1481 16
1482 40
1483 2
1484 25
1485 35
1486 18
1487 30
1488 62
1489 10
1490 30
1491 53
1492 10
1493 31
1494 21
1495 48
1496 34
1497 19
1498 38
1499 35
1500 20
1501 33
1502 2
1503 39
1504 47
1505 16
1506 31
1507 61
1508 8
1509 19
1510 22
1511 40
1512 32
1513 29
1514 34
1515 24
1516 21
1517 37
1518 12
1519 31
1520 64
1521 7
1522 22
1523 19
1524 48
1525 24
1526 16
1527 46
1528 13
1529 37
1530 32
1531 9
1532 18
1533 20
1534 45
1535 20
1536 7
1537 45
1538 13
1539 44
1540 31
1541 8
1542 16
1543 20
1544 37
1545 37
1546 18
1547 49
1548 4
1549 13
1550 49
1551 8
1552 18
1553 22
1554 31
1555 10
1556 36
1557 36
1558 8
1559 23
1560 10
1561 36
1562 30
1563 14
1564 40
1565 11
1566 39
1567 31
1568 43
1569 26
1570 13
1571 43
1572 9
1573 30
1574 23
1575 37
1576 32
1577 15
1578 37
1579 7
1580 36
1581 22
1582 35
1583 8
1584 37
1585 44
1586 11
1587 20
1588 25
1589 28
1590 9
1591 29
1592 47
1593 8
1594 27
1595 11
1596 45
1597 11
1598 18
1599 15
1600 35
1601 12
1602 37
1603 33
1604 7
1605 23
1606 17
1607 37
1608 7
1609 22
1610 23
1611 35
1612 11
1613 29
1614 39
1615 6
1616 33
1617 21
1618 31
1619 9
1620 18
1621 17
1622 35
1623 16
1624 23
1625 24
1626 48
1627 20
1628 16
1629 38
1630 10
1631 23
1632 16
1633 44
1634 11
1635 19
1636 12
1637 30
1638 3
1639 38
1640 19
1641 37
1642 14
1643 13
1644 40
1645 13
1646 23
1647 24
1648 33
1649 7
1650 24
1651 11
1652 32
1653 3
1654 25
1655 20
1656 28
1657 13
1658 23
1659 22
1660 34
1661 8
1662 25
1663 12
1664 30
1665 15
1666 19
1667 25
1668 19
1669 12
1670 34
1671 23
1672 39
1673 10
1674 22
1675 12
1676 35
1677 14
1678 34
1679 18
1680 45
1681 7
1682 20
1683 12
1684 29
1685 5
1686 18
1687 28
1688 42
1689 10
1690 18
1691 13
1692 29
1693 9
1694 20
1695 25
1696 36
1697 8
1698 20
1699 20
1700 26
1701 14
1702 25
1703 18
1704 43
1705 10
1706 13
1707 18
1708 35
1709 8
1710 28
1711 17
1712 29
1713 10
1714 16
1715 16
1716 6
1717 30
1718 16
1719 26
1720 13
1721 20
1722 11
1723 13
1724 21
1725 37
1726 6
1727 25
1728 15
1729 23
1730 8
1731 23
1732 11
1733 23
1734 8
1735 5
1736 29
1737 9
1738 24
1739 10
1740 15
1741 10
1742 24
1743 10
1744 22
1745 12
1746 28
1747 3
1748 19
1749 4
1750 14
1751 29
1752 9
1753 16
1754 19
1755 23
1756 9
1757 12
1758 10
1759 26
1760 3
1761 4
1762 22
1763 11
1764 23
1765 9
1766 16
1767 12
1768 25
1769 12
1770 24
1771 19
1772 6
1773 22
1774 6
1775 21
1776 10
1777 16
1778 12
1779 19
1780 14
1781 4
1782 31
1783 8
1784 17
1785 10
1786 14
1787 13
1788 16
1789 12
1790 7
1791 26
1792 9
1793 18
1794 14
1795 26
1796 9
1797 11
1798 2
1799 10
1800 19
1801 8
1802 16
1803 12
1804 15
1805 5
1806 2
1807 20
1808 19
1809 28
1810 14
1811 15
1812 12
1813 1
1814 21
1815 12
1816 17
1817 17
1818 27
1819 3
1820 3
1821 16
1822 7
1823 19
1824 7
1825 13
1826 4
1827 14
1828 25
1829 4
1830 15
1831 12
1832 31
1834 6
1835 12
1836 12
1837 18
1838 5
1839 5
1840 10
1841 12
1842 20
1843 7
1844 10
1845 1
1846 7
1847 16
1848 5
1849 18
1850 9
1851 3
1852 19
1853 7
1854 16
1855 11
1856 1
1857 22
1858 16
1859 11
1860 3
1861 26
1862 2
1863 6
1864 14
1865 12
1866 16
1867 2
1868 9
1869 8
1870 15
1871 17
1872 2
1873 6
1874 11
1875 7
1876 21
1878 7
1879 13
1880 9
1881 14
1882 2
1883 7
1884 15
1885 7
1886 22
1887 3
1888 5
1889 9
1890 9
1891 20
1893 12
1894 5
1895 8
1896 4
1897 13
1898 5
1899 12
1900 6
1901 5
1902 14
1903 9
1904 14
1905 9
1906 1
1907 12
1908 10
1909 14
1910 2
1911 8
1912 8
1913 2
1914 3
1915 10
1916 12
1917 16
1918 8
1919 3
1920 12
1921 6
1922 10
1923 2
1924 10
1925 10
1926 6
1927 1
1928 9
1929 1
1930 14
1931 5
1932 10
1933 15
1934 4
1935 1
1936 10
1937 6
1938 13
1940 5
1941 12
1942 4
1943 1
1944 7
1945 2
1946 20
1948 4
1949 15
1950 4
1951 3
1952 14
1953 8
1954 6
1955 1
1956 4
1957 9
1958 3
1959 1
1960 15
1961 9
1962 15
1964 8
1965 11
1967 5
1968 14
1969 10
1970 6
1971 11
1972 3
1973 11
1974 1
1975 6
1976 14
1978 7
1979 6
1980 11
1981 3
1982 12
1983 2
1984 2
1985 7
1986 3
1987 10
1988 1
1989 5
1990 11
1991 5
1992 5
1993 9
1994 4
1995 1
1996 4
1997 8
1998 2
1999 8
2000 1
2001 6
2002 2
2003 6
2004 10
2006 4
2007 8
2008 1
2009 6
2010 10
2011 4
2012 1
2013 14
2014 7
2015 2
2016 14
2017 8
2018 3
2019 10
2020 7
2022 9
2023 2
2024 15
2025 1
2026 5
2027 12
2029 3
2030 11
2031 2
2032 4
2033 15
2035 4
2036 3
2037 1
2038 5
2039 6
2040 1
2041 4
2042 4
2043 2
2044 5
2045 5
2046 3
2047 1
2048 11
2049 11
2050 1
2051 9
2052 4
2054 6
2055 10
2057 8
2058 1
2060 6
2061 4
2062 4
2063 6
2064 4
2065 1
2066 6
2067 8
2069 2
2070 2
2072 6
2074 3
2075 3
2076 2
2077 3
2078 6
2079 2
2080 4
2081 5
2082 3
2083 5
2084 6
2085 1
2086 3
2087 12
2089 3
2090 11
2091 1
2092 7
2093 1
2094 9
2095 5
2096 3
2097 6
2098 9
2100 11
2101 2
2103 3
2104 5
2105 2
2106 6
2107 3
2108 4
2109 4
2112 6
2114 1
2115 1
2116 4
2117 3
2118 3
2119 4
2121 1
2122 4
2123 6
2124 1
2125 4
2128 5
2129 1
2130 4
2131 9
2133 2
2135 5
2136 4
2138 8
2140 2
2141 3
2143 3
2144 4
2146 2
2147 1
2148 4
2151 6
2152 1
2153 1
2154 5
2156 6
2157 2
2158 6
2159 3
2161 4
2162 1
2163 4
2164 2
2166 2
2167 1
2168 4
2169 3
2171 5
2174 7
2175 2
2176 6
2178 1
2179 1
2181 4
2182 1
2183 3
2184 5
2185 2
2186 4
2188 3
2189 2
2191 4
2193 2
2194 4
2195 1
2196 2
2197 1
2198 1
2200 4
2201 2
2203 4
2204 1
2205 10
2208 4
2209 1
2210 1
2212 7
2215 5
2216 1
2217 2
2218 2
2219 3
2220 1
2222 4
2223 2
2224 1
2225 1
2226 6
2229 1
2230 2
2231 2
2233 2
2236 3
2237 1
2238 1
2239 1
2240 2
2242 1
2243 1
2245 3
2247 3
2248 1
2249 1
2250 1
2251 2
2252 2
2254 3
2257 1
2258 2
2261 2
2264 2
2265 3
2267 2
2268 1
2269 4
2270 2
2272 4
2274 2
2278 3
2280 6
2281 1
2283 4
2287 2
2288 1
2289 1
2290 2
2291 3
2293 1
2294 3
2296 1
2297 1
2298 2
2300 1
2301 2
2302 2
2304 4
2306 3
2307 2
2308 1
2309 3
2311 3
2315 1
2317 1
2319 2
2321 3
2323 3
2324 1
2325 3
2327 2
2329 4
2336 1
2338 2
2339 1
2344 2
2346 1
2350 3
2351 1
2352 2
2354 1
2356 1
2357 1
2358 2
2361 1
2362 1
2363 1
2364 2
2366 1
2368 1
2371 1
2372 1
2373 1
2374 1
2375 1
2380 1
2384 1
2386 3
2390 1
2392 1
2394 1
2396 1
2398 2
2399 1
2405 1
2408 2
2410 1
2414 1
2416 2
2419 1
2420 1
2428 1
2429 1
2430 1
2431 1
2433 1
2435 3
2437 2
2439 1
2441 2
2445 1
2446 1
2448 1
2450 1
2452 1
2456 1
2460 2
2463 2
2465 2
2467 1
2473 2
2478 1
2479 1
2480 2
2487 2
2491 2
2493 1
2500 1
2502 1
2506 2
2509 1
2510 1
2511 1
2512 1
2513 1
2515 1
2519 1
2520 1
2524 1
2529 1
2543 2
2544 1
2547 1
2552 2
2556 2
2560 1
2581 1
2582 1
2584 2
2588 1
2604 1
2618 1
2629 1
2630 1
2640 1
2646 1
2696 1
2714 1
2719 1
2729 1
2772 1
2781 1
2801 1
2825 1
2844 1
2855 1
2882 1
2928 1
3028 1
3074 1
