1 0
2 1
3 1
4 2
5 3
6 4
7 5
8 6
9 7
10 7
11 8
12 9
13 10
14 11
15 12
16 13
17 14
18 14
19 15
20 16
21 17
22 18
23 19
24 20
25 21
26 22
27 22
28 23
29 24
30 25
31 26
32 27
33 28
34 29
35 30
36 30
37 31
38 32
39 33
40 34
41 35
42 36
43 37
44 38
45 38
46 39
47 40
48 41
49 42
50 43
51 44
52 45
53 46
54 46
55 47
56 48
57 49
58 50
59 51
60 52
61 53
62 54
63 54
64 55
65 56
66 57
67 58
68 59
69 60
70 61
71 62
72 63
73 63
74 64
75 65
76 66
77 67
78 68
79 69
80 70
81 71
82 71
83 72
84 73
85 74
86 75
87 76
88 77
89 78
90 79
91 80
92 80
93 81
94 82
95 83
96 84
97 85
98 86
99 87
100 88
101 88
102 89
103 90
104 91
105 92
106 93
107 94
108 95
109 96
110 97
111 97
112 98
113 99
114 100
115 101
116 102
117 103
118 104
119 105
120 105
121 106
122 107
123 108
124 109
125 110
126 111
127 112
128 113
129 114
130 114
131 115
132 116
133 117
134 118
135 119
136 120
137 121
138 122
139 122
140 123
141 124
142 125
143 126
144 127
145 128
146 129
147 130
148 131
149 131
150 132
151 133
152 134
153 135
154 136
155 137
156 138
157 139
158 139
159 140
160 141
161 142
162 143
163 144
164 145
165 146
166 147
167 148
168 148
169 149
170 150
171 151
172 152
173 153
174 154
175 155
176 156
177 156
178 157
179 158
180 159
181 160
182 161
183 162
184 163
185 164
186 165
187 165
188 166
189 167
190 168
191 169
192 170
193 171
194 172
195 173
196 173
197 174
198 175
199 176
200 177
201 178
202 179
203 180
204 181
205 182
206 182
207 183
208 184
209 185
210 186
211 187
212 188
213 189
214 190
215 190
216 191
217 192
218 193
219 194
220 195
221 196
222 197
223 198
224 199
225 199
226 200
227 201
228 202
229 203
230 204
231 205
232 206
233 207
234 207
235 208
236 209
237 210
238 211
239 212
240 213
241 214
242 215
243 216
244 216
245 217
246 218
247 219
248 220
249 221
250 222
251 223
252 224
253 224
254 225
255 226
256 227
257 228
258 229
259 230
260 231
261 232
262 233
263 233
264 234
265 235
266 236
267 237
268 238
269 239
270 240
271 241
272 241
273 242
274 243
275 244
276 245
277 246
278 247
279 248
280 249
281 250
282 250
283 251
284 252
285 253
286 254
287 255
288 256
289 257
290 258
291 258
292 259
293 260
294 261
295 262
296 263
297 264
298 265
299 266
300 267
301 267
302 268
303 269
304 270
305 271
306 272
307 273
308 274
309 275
310 276
311 276
312 277
313 278
314 279
315 280
316 281
317 282
318 283
319 284
320 284
321 285
322 286
323 287
324 288
325 289
326 290
327 291
328 292
329 293
330 293
331 294
332 295
333 296
334 297
335 298
336 299
337 300
338 301
339 301
340 302
341 303
342 304
343 305
344 306
345 307
346 308
347 309
348 310
349 310
350 311
351 312
352 313
353 314
354 315
355 316
356 317
357 318
358 318
359 319
360 320
361 321
362 322
363 323
364 324
365 325
366 326
367 327
368 327
369 328
370 329
371 330
372 331
373 332
374 333
375 334
376 335
377 335
378 336
379 337
380 338
381 339
382 340
383 341
384 342
385 343
386 344
387 344
388 345
389 346
390 347
391 348
392 349
393 350
394 351
395 352
396 352
397 353
398 354
399 355
400 356
401 357
402 358
403 359
404 360
405 361
406 361
407 362
408 363
409 364
410 365
411 366
412 367
413 368
414 369
415 369
416 370
417 371
418 372
419 373
420 374
421 375
422 376
423 377
424 378
425 378
426 379
427 380
428 381
429 382
430 383
431 384
432 385
433 386
434 387
435 387
436 388
437 389
438 390
439 391
440 392
441 393
442 394
443 395
444 395
445 396
446 397
447 398
448 399
449 400
450 401
451 402
452 403
453 404
454 404
455 405
456 406
457 407
458 408
459 409
460 410
461 411
462 412
463 412
464 413
465 414
466 415
467 416
468 417
469 418
470 419
471 420
472 421
473 421
474 422
475 423
476 424
477 425
478 426
479 427
480 428
481 429
482 429
483 430
484 431
485 432
486 433
487 434
488 435
489 436
490 437
491 438
492 438
493 439
494 440
495 441
496 442
497 443
498 444
499 445
500 446
501 446
502 447
503 448
504 449
505 450
506 451
507 452
508 453
509 454
510 455
511 455
512 456
513 457
514 458
515 459
516 460
517 461
518 462
519 463
520 463
521 464
522 465
523 466
524 467
525 468
526 469
527 470
528 471
529 472
530 472
531 473
532 474
533 475
534 476
535 477
536 478
537 479
538 480
539 481
540 481
541 482
542 483
543 484
544 485
545 486
546 487
547 488
548 489
549 489
550 490
551 491
552 492
553 493
554 494
555 495
556 496
557 497
558 498
559 498
560 499
561 500
562 501
563 502
564 503
565 504
566 505
567 506
568 506
569 507
570 508
571 509
572 510
573 511
574 512
575 513
576 514
577 515
578 515
579 516
580 517
581 518
582 519
583 520
584 521
585 522
586 523
587 523
588 524
589 525
590 526
591 527
592 528
593 529
594 530
595 531
596 532
597 532
598 533
599 534
600 535
601 536
602 537
603 538
604 539
605 540
606 540
607 541
608 542
609 543
610 544
611 545
612 546
613 547
614 548
615 549
616 549
617 550
618 551
619 552
620 553
621 554
622 555
623 556
624 557
625 557
626 558
627 559
628 560
629 561
630 562
631 563
632 564
633 565
634 566
635 566
636 567
637 568
638 569
639 570
640 571
641 572
642 573
643 574
644 575
645 575
646 576
647 577
648 578
649 579
650 580
651 581
652 582
653 583
654 583
655 584
656 585
657 586
658 587
659 588
660 589
661 590
662 591
663 592
664 592
665 593
666 594
667 595
668 596
669 597
670 598
671 599
672 600
673 600
674 601
675 602
676 603
677 604
678 605
679 606
680 607
681 608
682 609
683 609
684 610
685 611
686 612
687 613
688 614
689 615
690 616
691 617
692 617
693 618
694 619
695 620
696 621
697 622
698 623
699 624
700 625
701 626
702 626
703 627
704 628
705 629
706 630
707 631
708 632
709 633
710 634
711 634
712 635
713 636
714 637
715 638
716 639
717 640
718 641
719 642
720 643
721 643
722 644
723 645
724 646
725 647
726 648
727 649
728 650
729 651
730 651
731 652
732 653
733 654
734 655
735 656
736 657
737 658
738 659
739 660
740 660
741 661
742 662
743 663
744 664
745 665
746 666
747 667
748 668
749 669
750 669
751 670
752 671
753 672
754 673
755 674
756 675
757 676
758 677
759 677
760 678
761 679
762 680
763 681
764 682
765 683
766 684
767 685
768 686
769 686
770 687
771 688
772 689
773 690
774 691
775 692
776 693
777 694
778 694
779 695
780 696
781 697
782 698
783 699
784 700
785 701
786 702
787 703
788 703
789 704
790 705
791 706
792 707
793 708
794 709
795 710
796 711
797 711
798 712
799 713
800 714
801 715
802 716
803 717
804 718
805 719
806 720
807 720
808 721
809 722
810 723
811 724
812 725
813 726
814 727
815 728
816 728
817 729
818 730
819 731
820 732
821 733
822 734
823 735
824 736
825 737
826 737
827 738
828 739
829 740
830 741
831 742
832 743
833 744
834 745
835 745
836 746
837 747
838 748
839 749
840 750
841 751
842 752
843 753
844 754
845 754
846 755
847 756
848 757
849 758
850 759
851 760
852 761
853 762
854 763
855 763
856 764
857 765
858 766
859 767
860 768
861 769
862 770
863 771
864 771
865 772
866 773
867 774
868 775
869 776
870 777
871 778
872 779
873 780
874 780
875 781
876 782
877 783
878 784
879 785
880 786
881 787
882 788
883 788
884 789
885 790
886 791
887 792
888 793
889 794
890 795
891 796
892 797
893 797
894 798
895 799
896 800
897 801
898 802
899 803
900 804
901 805
902 805
903 806
904 807
905 808
906 809
907 810
908 811
909 812
910 813
911 814
912 814
913 815
914 816
915 817
916 818
917 819
918 820
919 821
920 822
921 822
922 823
923 824
924 825
925 826
926 827
927 828
928 829
929 830
930 831
931 831
932 832
933 833
934 834
935 835
936 836
937 837
938 838
939 839
940 840
941 840
942 841
943 842
944 843
945 844
946 845
947 846
948 847
949 848
950 848
951 849
952 850
953 851
954 852
955 853
956 854
957 855
958 856
959 857
960 857
961 858
962 859
963 860
964 861
965 862
966 863
967 864
968 865
969 865
970 866
971 867
972 868
973 869
974 870
975 871
976 872
977 873
978 874
979 874
980 875
981 876
982 877
983 878
984 879
985 880
986 881
987 882
988 882
989 883
990 884
991 885
992 886
993 887
994 888
995 889
996 890
997 891
998 891
999 892
1000 893
1001 894
1002 895
1003 896
1004 897
1005 898
1006 899
1007 899
1008 900
1009 901
1010 902
1011 903
1012 904
1013 905
1014 906
1015 907
1016 908
1017 908
1018 909
1019 910
1020 911
1021 912
1022 913
1023 914
1024 915
1025 916
1026 916
1027 917
1028 918
1029 919
1030 920
1031 921
1032 922
1033 923
1034 924
1035 925
1036 925
1037 926
1038 927
1039 928
1040 929
1041 930
1042 931
1043 932
1044 933
1045 934
1046 934
1047 935
1048 936
1049 937
1050 938
1051 939
1052 940
1053 941
1054 942
1055 942
1056 943
1057 944
1058 945
1059 946
1060 947
1061 948
1062 949
1063 950
1064 951
1065 951
1066 952
1067 953
1068 954
1069 955
1070 956
1071 957
1072 958
1073 959
1074 959
1075 960
1076 961
1077 962
1078 963
1079 964
1080 965
1081 966
1082 967
1083 968
1084 968
1085 969
1086 970
1087 971
1088 972
1089 973
1090 974
1091 975
1092 976
1093 976
1094 977
1095 978
1096 979
1097 980
1098 981
1099 982
1100 983
1101 984
1102 985
1103 985
1104 986
1105 987
1106 988
1107 989
1108 990
1109 991
1110 992
1111 993
1112 993
1113 994
1114 995
1115 996
1116 997
1117 998
1118 999
1119 1000
1120 1001
1121 1002
1122 1002
1123 1003
1124 1004
1125 1005
1126 1006
1127 1007
1128 1008
1129 1009
1130 1010
1131 1010
1132 1011
1133 1012
1134 1013
1135 1014
1136 1015
1137 1016
1138 1017
1139 1018
1140 1019
1141 1019
1142 1020
1143 1021
1144 1022
1145 1023
1146 1024
1147 1025
1148 1026
1149 1027
1150 1028
1151 1028
1152 1029
1153 1030
1154 1031
1155 1032
1156 1033
1157 1034
1158 1035
1159 1036
1160 1036
1161 1037
1162 1038
1163 1039
1164 1040
1165 1041
1166 1042
1167 1043
1168 1044
1169 1045
1170 1045
1171 1046
1172 1047
1173 1048
1174 1049
1175 1050
1176 1051
1177 1052
1178 1053
1179 1053
1180 1054
1181 1055
1182 1056
1183 1057
1184 1058
1185 1059
1186 1060
1187 1061
1188 1062
1189 1062
1190 1063
1191 1064
1192 1065
1193 1066
1194 1067
1195 1068
1196 1069
1197 1070
1198 1070
1199 1071
1200 1072
1201 1073
1202 1074
1203 1075
1204 1076
1205 1077
1206 1078
1207 1079
1208 1079
1209 1080
1210 1081
1211 1082
1212 1083
1213 1084
1214 1085
1215 1086
1216 1087
1217 1087
1218 1088
1219 1089
1220 1090
1221 1091
1222 1092
1223 1093
1224 1094
1225 1095
1226 1096
1227 1096
1228 1097
1229 1098
1230 1099
1231 1100
1232 1101
1233 1102
1234 1103
1235 1104
1236 1105
1237 1105
1238 1106
1239 1107
1240 1108
1241 1109
1242 1110
1243 1111
1244 1112
1245 1113
1246 1113
1247 1114
1248 1115
1249 1116
1250 1117
1251 1118
1252 1119
1253 1120
1254 1121
1255 1122
1256 1122
1257 1123
1258 1124
1259 1125
1260 1126
1261 1127
1262 1128
1263 1129
1264 1130
1265 1130
1266 1131
1267 1132
1268 1133
1269 1134
1270 1135
1271 1136
1272 1137
1273 1138
1274 1139
1275 1139
1276 1140
1277 1141
1278 1142
1279 1143
1280 1144
1281 1145
1282 1146
1283 1147
1284 1147
1285 1148
1286 1149
1287 1150
1288 1151
1289 1152
1290 1153
1291 1154
1292 1155
1293 1156
1294 1156
1295 1157
1296 1158
1297 1159
1298 1160
1299 1161
1300 1162
1301 1163
1302 1164
1303 1164
1304 1165
1305 1166
1306 1167
1307 1168
1308 1169
1309 1170
1310 1171
1311 1172
1312 1173
1313 1173
1314 1174
1315 1175
1316 1176
1317 1177
1318 1178
1319 1179
1320 1180
1321 1181
1322 1181
1323 1182
1324 1183
1325 1184
1326 1185
1327 1186
1328 1187
1329 1188
1330 1189
1331 1190
1332 1190
1333 1191
1334 1192
1335 1193
1336 1194
1337 1195
1338 1196
1339 1197
1340 1198
1341 1199
1342 1199
1343 1200
1344 1201
1345 1202
1346 1203
1347 1204
1348 1205
1349 1206
1350 1207
1351 1207
1352 1208
1353 1209
1354 1210
1355 1211
1356 1212
1357 1213
1358 1214
1359 1215
1360 1216
1361 1216
1362 1217
1363 1218
1364 1219
1365 1220
1366 1221
1367 1222
1368 1223
1369 1224
1370 1224
1371 1225
1372 1226
1373 1227
1374 1228
1375 1229
1376 1230
1377 1231
1378 1232
1379 1233
1380 1233
1381 1234
1382 1235
1383 1236
1384 1237
1385 1238
1386 1239
1387 1240
1388 1241
1389 1241
1390 1242
1391 1243
1392 1244
1393 1245
1394 1246
1395 1247
1396 1248
1397 1249
1398 1250
1399 1250
1400 1251
1401 1252
1402 1253
1403 1254
1404 1255
1405 1256
1406 1257
1407 1258
1408 1258
1409 1259
1410 1260
1411 1261
1412 1262
1413 1263
1414 1264
1415 1265
1416 1266
1417 1267
1418 1267
1419 1268
1420 1269
1421 1270
1422 1271
1423 1272
1424 1273
1425 1274
1426 1275
1427 1275
1428 1276
1429 1277
1430 1278
1431 1279
1432 1280
1433 1281
1434 1282
1435 1283
1436 1284
1437 1284
1438 1285
1439 1286
1440 1287
1441 1288
1442 1289
1443 1290
1444 1291
1445 1292
1446 1293
1447 1293
1448 1294
1449 1295
1450 1296
1451 1297
1452 1298
1453 1299
1454 1300
1455 1301
1456 1301
1457 1302
1458 1303
1459 1304
1460 1305
1461 1306
1462 1307
1463 1308
1464 1309
1465 1310
1466 1310
1467 1311
1468 1312
1469 1313
1470 1314
1471 1315
1472 1316
1473 1317
1474 1318
1475 1318
1476 1319
1477 1320
1478 1321
1479 1322
1480 1323
1481 1324
1482 1325
1483 1326
1484 1327
1485 1327
1486 1328
1487 1329
1488 1330
1489 1331
1490 1332
1491 1333
1492 1334
1493 1335
1494 1335
1495 1336
1496 1337
1497 1338
1498 1339
1499 1340
1500 1341
1501 1342
1502 1343
1503 1344
1504 1344
1505 1345
1506 1346
1507 1347
1508 1348
1509 1349
1510 1350
1511 1351
1512 1352
1513 1352
1514 1353
1515 1354
1516 1355
1517 1356
1518 1357
1519 1358
1520 1359
1521 1360
1522 1361
1523 1361
1524 1362
1525 1363
1526 1364
1527 1365
1528 1366
1529 1367
1530 1368
1531 1369
1532 1370
1533 1370
1534 1371
1535 1372
1536 1373
1537 1374
1538 1375
1539 1376
1540 1377
1541 1378
1542 1378
1543 1379
1544 1380
1545 1381
1546 1382
1547 1383
1548 1384
1549 1385
1550 1386
1551 1387
1552 1387
1553 1388
1554 1389
1555 1390
1556 1391
1557 1392
1558 1393
1559 1394
1560 1395
1561 1395
1562 1396
1563 1397
1564 1398
1565 1399
1566 1400
1567 1401
1568 1402
1569 1403
1570 1404
1571 1404
1572 1405
1573 1406
1574 1407
1575 1408
1576 1409
1577 1410
1578 1411
1579 1412
1580 1412
1581 1413
1582 1414
1583 1415
1584 1416
1585 1417
1586 1418
1587 1419
1588 1420
1589 1421
1590 1421
1591 1422
1592 1423
1593 1424
1594 1425
1595 1426
1596 1427
1597 1428
1598 1429
1599 1429
1600 1430
1601 1431
1602 1432
1603 1433
1604 1434
1605 1435
1606 1436
1607 1437
1608 1438
1609 1438
1610 1439
1611 1440
1612 1441
1613 1442
1614 1443
1615 1444
1616 1445
1617 1446
1618 1446
1619 1447
1620 1448
1621 1449
1622 1450
1623 1451
1624 1452
1625 1453
1626 1454
1627 1455
1628 1455
1629 1456
1630 1457
1631 1458
1632 1459
1633 1460
1634 1461
1635 1462
1636 1463
1637 1464
1638 1464
1639 1465
1640 1466
1641 1467
1642 1468
1643 1469
1644 1470
1645 1471
1646 1472
1647 1472
1648 1473
1649 1474
1650 1475
1651 1476
1652 1477
1653 1478
1654 1479
1655 1480
1656 1481
1657 1481
1658 1482
1659 1483
1660 1484
1661 1485
1662 1486
1663 1487
1664 1488
1665 1489
1666 1489
1667 1490
1668 1491
1669 1492
1670 1493
1671 1494
1672 1495
1673 1496
1674 1497
1675 1498
1676 1498
1677 1499
1678 1500
1679 1501
1680 1502
1681 1503
1682 1504
1683 1505
1684 1506
1685 1506
1686 1507
1687 1508
1688 1509
1689 1510
1690 1511
1691 1512
1692 1513
1693 1514
1694 1515
1695 1515
1696 1516
1697 1517
1698 1518
1699 1519
1700 1520
1701 1521
1702 1522
1703 1523
1704 1523
1705 1524
1706 1525
1707 1526
1708 1527
1709 1528
1710 1529
1711 1530
1712 1531
1713 1532
1714 1532
1715 1533
1716 1534
1717 1535
1718 1536
1719 1537
1720 1538
1721 1539
1722 1540
1723 1540
1724 1541
1725 1542
1726 1543
1727 1544
1728 1545
1729 1546
1730 1547
1731 1548
1732 1549
1733 1549
1734 1550
1735 1551
1736 1552
1737 1553
1738 1554
1739 1555
1740 1556
1741 1557
1742 1558
1743 1558
1744 1559
1745 1560
1746 1561
1747 1562
1748 1563
1749 1564
1750 1565
1751 1566
1752 1566
1753 1567
1754 1568
1755 1569
1756 1570
1757 1571
1758 1572
1759 1573
1760 1574
1761 1575
1762 1575
1763 1576
1764 1577
1765 1578
1766 1579
1767 1580
1768 1581
1769 1582
1770 1583
1771 1583
1772 1584
1773 1585
1774 1586
1775 1587
1776 1588
1777 1589
1778 1590
1779 1591
1780 1592
1781 1592
1782 1593
1783 1594
1784 1595
1785 1596
1786 1597
1787 1598
1788 1599
1789 1600
1790 1600
1791 1601
1792 1602
1793 1603
1794 1604
1795 1605
1796 1606
1797 1607
1798 1608
1799 1609
1800 1609
1801 1610
1802 1611
1803 1612
1804 1613
1805 1614
1806 1615
1807 1616
1808 1617
1809 1617
1810 1618
1811 1619
1812 1620
1813 1621
1814 1622
1815 1623
1816 1624
1817 1625
1818 1626
1819 1626
1820 1627
1821 1628
1822 1629
1823 1630
1824 1631
1825 1632
1826 1633
1827 1634
1828 1635
1829 1635
1830 1636
1831 1637
1832 1638
1833 1639
1834 1640
1835 1641
1836 1642
1837 1643
1838 1643
1839 1644
1840 1645
1841 1646
1842 1647
1843 1648
1844 1649
1845 1650
1846 1651
1847 1652
1848 1652
1849 1653
1850 1654
1851 1655
1852 1656
1853 1657
1854 1658
1855 1659
1856 1660
1857 1660
1858 1661
1859 1662
1860 1663
1861 1664
1862 1665
1863 1666
1864 1667
1865 1668
1866 1669
1867 1669
1868 1670
1869 1671
1870 1672
1871 1673
1872 1674
1873 1675
1874 1676
1875 1677
1876 1677
1877 1678
1878 1679
1879 1680
1880 1681
1881 1682
1882 1683
1883 1684
1884 1685
1885 1686
1886 1686
1887 1687
1888 1688
1889 1689
1890 1690
1891 1691
1892 1692
1893 1693
1894 1694
1895 1694
1896 1695
1897 1696
1898 1697
1899 1698
1900 1699
1901 1700
1902 1701
1903 1702
1904 1703
1905 1703
1906 1704
1907 1705
1908 1706
1909 1707
1910 1708
1911 1709
1912 1710
1913 1711
1914 1711
1915 1712
1916 1713
1917 1714
1918 1715
1919 1716
1920 1717
1921 1718
1922 1719
1923 1720
1924 1720
1925 1721
1926 1722
1927 1723
1928 1724
1929 1725
1930 1726
1931 1727
1932 1728
1933 1729
1934 1729
1935 1730
1936 1731
1937 1732
1938 1733
1939 1734
1940 1735
1941 1736
1942 1737
1943 1737
1944 1738
1945 1739
1946 1740
1947 1741
1948 1742
1949 1743
1950 1744
1951 1745
1952 1746
1953 1746
1954 1747
1955 1748
1956 1749
1957 1750
1958 1751
1959 1752
1960 1753
1961 1754
1962 1754
1963 1755
1964 1756
1965 1757
1966 1758
1967 1759
1968 1760
1969 1761
1970 1762
1971 1763
1972 1763
1973 1764
1974 1765
1975 1766
1976 1767
1977 1768
1978 1769
1979 1770
1980 1771
1981 1771
1982 1772
1983 1773
1984 1774
1985 1775
1986 1776
1987 1777
1988 1778
1989 1779
1990 1780
1991 1780
1992 1781
1993 1782
1994 1783
1995 1784
1996 1785
1997 1786
1998 1787
1999 1788
2000 1788
