005002056073
014119034000
014179071088
018064097211
027043156196
031093148067
037084110090
037254234100
045230225223
045238063168
045241221156
045241221157
045252050157
046040043060
047152052073
051113079156
051164028153
051190168109
052182161161
054036004042
058203162051
060131134209
060194163151
061180147130
062223096074
071199022232
071199022234
071199077070
071199100024
071199102007
074127213134
074127213137
074127213138
074127213140
074127213141
074127213142
074127213147
074127213148
074127213149
074127213154
074127213158
074127213224
074127213226
074127213229
074127213230
074127213233
074127213234
074127213236
074127213237
074127213239
079124061000
080189182119
080189185134
080189185222
089135101049
089135101053
089135101103
089221246075
092134174202
092134174205
092134174222
092134174250
092134175010
092134175021
092134175025
092134175042
092134175061
092206056035
093169191093
094153177209
103241177177
104022102028
104045080183
104045080192
104045080224
104045080230
104045080238
104076051178
104079124214
104079124225
104079124237
104079124248
104079124253
106048184021
107186252108
119012254250
120180106149
122216142111
122228012144
124123113085
128018209146
128216164237
128216227189
133199122117
133218178230
135118194192
138197194133
139053119011
139162036242
142173237154
142173242201
157026026104
157026241132
159045013122
159161232185
165249154078
167099045031
167136166164
167136166167
167136166169
167136166170
167136166171
167136166174
167136166179
167136166181
167136166182
167136166184
167136166185
167136166186
167136166187
167136166190
167136166191
167136166243
167136166245
167136166246
167136166248
167136166249
167136166251
167136166252
167136166253
167136166254
170034187004
170034187008
170034187013
174244101086
174244103103
175018040134
181240163009
183047030218
183047030220
185006040050
185016231220
185016231221
185045227025
185045227037
185045227053
185107180240
188116053051
192254040115
192254041137
192254050149
193135136023
193194027200
194027187208
198070246086
202166059101
203194180154
203194185209
203194188136
203234174058
203234174115
222084081137
