000000080002 68204
000000080016 52932
000000128016 52575
000000080024 40342
000000128024 38140
000000128002 15132
000000080004 14925
000000000000 12099
175050080016 12019
065250128016 11763
000000160002 11129
000000128017 10372
061199128016 9854
002246128016 9307
122110128016 9176
000000160018 9098
219041128016 9035
094117128016 8643
050232128016 7841
160038080016 7827
188139128016 7397
073208080016 7157
176126128016 6219
069164128016 6033
000000080017 5883
100216128016 5774
199136128016 5004
148210128016 4883
124254128016 4843
000000096002 4839
102215128016 4835
173064128016 4643
090036128016 4534
036150128016 4304
000000176016 4101
159170128016 4065
030096128016 3938
239160080016 3914
196026080016 3626
000000128018 3515
035241128016 3503
208214080024 3438
148085128016 3410
011007128016 3383
056218128016 3379
144176080016 3311
054179128016 3201
204049128016 3189
136155128016 3189
203015128016 3166
074138080016 3103
056143128016 3083
000000128194 2995
205157128016 2966
170232128016 2940
072031128016 2937
134049128016 2879
163002128016 2861
062011080016 2848
069103080016 2842
168039080016 2833
133104128016 2808
214048128016 2774
002043080016 2753
233021128016 2741
000000112018 2694
008018128016 2691
178199128016 2690
102072128016 2639
000000080020 2604
000000240016 2597
178178080016 2588
041046128016 2583
130227128016 2583
111151128016 2574
040195080016 2558
068131128016 2548
079121128016 2520
161148128016 2511
201176128016 2474
193227080024 2441
158133128016 2437
009016128016 2431
127188128016 2396
175067128016 2365
251181080016 2354
075188080016 2352
231141128016 2347
209196128016 2330
231198080016 2330
243155128016 2322
000000112002 2307
224053128016 2287
053068128016 2257
025250080016 2234
162230128016 2222
051119080016 2220
050094128016 2192
127006128016 2188
030230128016 2181
056056128016 2169
218109128016 2160
211242128016 2141
085029080016 2130
035123080016 2122
136053128016 2122
017236080016 2122
035112128016 2116
205118128016 2097
097173080016 2092
000000080025 2091
068120080016 2085
156218128016 2066
013231128016 2059
212033128016 2052
064024080016 2048
025172128016 2021
120061128016 2021
124209080016 2021
152206128016 2019
021080080016 2005
006236080016 2000
226155080016 1992
135175080016 1988
029022080016 1954
207000128016 1952
023204128016 1947
002151080016 1945
010031080016 1944
020042080016 1940
061255128016 1932
037031128016 1925
084205128016 1916
015112128016 1909
062041080016 1906
185132080016 1898
017052080016 1898
108215080016 1880
013245080016 1879
138036080016 1873
222238128016 1869
065169080016 1865
062244128016 1860
216040128016 1839
140147080016 1839
237084080016 1806
238245128016 1804
200177080016 1799
247216128016 1798
069223080016 1794
165134080016 1794
029052128016 1788
205127080016 1779
188122128016 1774
128248128016 1774
106110080016 1769
176009080016 1767
150127128016 1756
250081128016 1752
210002128016 1748
064147128016 1742
061238128016 1733
148126128016 1733
042060080016 1719
068132128016 1711
039236080016 1703
018034080024 1703
148225128016 1698
067042128016 1698
047229128016 1696
181061080016 1682
053055128016 1680
015053128016 1676
059223080016 1664
191060080016 1663
044233128016 1655
191069080016 1647
041098128016 1647
102157128016 1642
012245080016 1637
135231080016 1626
193036128016 1625
000000176002 1624
158032128016 1624
191235128016 1617
026036080016 1608
105215128016 1608
214212080016 1607
125051080016 1606
200171128016 1606
095168128016 1602
161238128016 1599
005185128016 1599
054155128016 1582
187218080016 1581
252162128016 1577
099063128016 1577
250179080016 1574
175125128016 1566
099239128016 1560
024152128016 1558
166197128016 1558
136065128016 1557
033036128016 1555
154105128016 1554
079241128016 1554
000000208016 1553
160021128016 1548
017088080016 1548
037059128016 1548
119100128016 1544
235059128016 1538
135235128016 1535
161249128016 1532
162052128016 1529
121039128016 1529
098007128016 1526
132097128016 1522
056064128016 1520
152135128016 1519
050146128016 1517
172024128016 1512
115242128016 1510
058132128016 1503
160081128016 1500
116062128016 1499
177193080016 1497
050177128016 1496
173000128016 1495
112114128016 1493
110036080016 1493
011171128016 1482
049226128016 1482
017156128016 1481
243128128016 1480
047083128016 1479
251167128016 1475
070166128016 1468
183234080016 1468
197054128016 1465
101113128016 1463
146158128016 1459
245213128016 1457
102150080016 1457
141213128016 1457
031015128016 1452
250069128016 1451
034174128016 1451
174021080016 1445
107108128016 1442
155125128016 1437
029032128016 1435
177200128016 1433
111191128016 1433
120145128016 1430
074104128016 1429
128177128016 1426
247094128016 1420
149087128016 1418
070150128016 1417
104161080016 1414
155076128016 1414
108160128016 1414
046179128016 1413
132201128016 1410
114188128016 1406
152045128016 1403
051096080016 1403
109210128016 1403
156230128016 1403
193139080016 1401
015071128016 1398
166057128016 1397
159059128016 1394
109019128016 1393
171171080016 1390
145136128016 1390
164007128016 1390
038221128016 1388
057069128016 1384
144044128016 1383
030040128016 1382
026082128016 1380
153213128016 1372
250222128016 1369
019245080024 1367
071244128016 1365
213250128016 1365
007028128016 1364
096111128016 1355
104203128016 1354
115184128016 1353
152242128016 1352
182178128016 1348
056198128016 1347
180119128016 1347
086057128016 1343
206045128016 1343
148159128016 1342
249023128016 1340
230105128016 1338
062004080016 1337
087241128016 1335
224193080016 1335
002187128016 1332
002027128016 1331
103236128016 1330
155152128016 1330
140079128016 1330
129091128016 1328
253061128016 1326
053017128016 1324
001094128016 1324
061058128016 1321
239038128016 1318
146249128016 1318
182166128016 1318
023141128016 1311
129223128016 1309
141199128016 1308
029012128016 1307
009220128016 1304
199084080016 1303
076232080016 1303
136208128016 1301
156122128016 1301
176131128016 1300
008079080016 1300
241127128016 1299
176030080016 1297
063059128016 1297
213196128016 1297
032091128016 1294
015232128016 1294
046212128016 1293
219002128016 1290
107151080016 1290
185120128016 1289
169149128016 1288
224060080016 1288
054204128016 1288
094042128016 1286
243055128016 1285
135028128016 1285
158001128016 1283
169217128016 1283
097050128016 1281
034208128016 1280
074107128016 1279
069225128016 1279
066118128016 1278
163213128016 1276
157237080024 1272
234167128016 1270
036132080016 1269
000000096018 1268
205196080016 1266
245059128016 1264
140221128016 1264
108162128016 1262
080082128016 1261
018104080016 1260
013143128016 1259
141018128016 1258
065011128016 1256
237048128016 1253
042061080016 1253
141205128016 1250
121159128016 1247
046146080016 1245
245002128016 1243
074060080016 1241
033140128016 1240
049164080016 1237
057169128016 1237
000000128025 1236
028061080016 1236
121207128016 1235
226187128016 1232
235160128016 1231
096204080016 1228
024228080016 1227
176104128016 1227
129130128016 1226
114127128016 1225
250000128016 1223
158081128016 1223
198044128016 1220
023176128016 1217
105148080016 1217
160218128016 1215
131032128016 1214
014099128016 1214
187037128016 1213
113104128016 1211
253155128016 1211
134244128016 1210
144091128016 1209
126131128016 1209
239001128016 1207
031133128016 1207
039059128016 1206
207159128016 1203
094008128016 1198
055238080016 1197
037222128016 1196
042160128016 1194
127133128016 1194
010032128016 1194
143249128016 1194
040165128016 1194
159125128016 1190
196094080016 1189
232082128016 1187
102216080016 1187
175115080016 1186
000095128016 1183
238199128016 1181
000004128016 1179
143176128016 1175
181081128016 1173
041009128016 1173
115219080016 1173
112217128016 1172
052012128016 1172
250111128016 1172
061009080016 1171
081141128016 1170
095117128016 1169
251164080016 1165
124204128016 1165
193177128016 1164
067119080016 1163
082249128016 1162
039187128016 1160
061128128016 1157
047029080024 1157
190050128016 1157
047121080016 1152
128083128016 1151
178251128016 1150
029126128016 1150
172061128016 1150
076166128016 1149
223208128016 1148
107206128016 1146
028106128016 1146
043132128016 1145
201219128016 1143
175234080016 1143
121117128016 1143
143222128016 1143
036205080016 1142
092032128016 1141
004069128016 1138
214066128016 1138
243253080016 1137
023044128016 1135
168166128016 1135
089121128016 1133
156217128016 1133
062234080016 1130
144249128016 1130
069141080016 1128
141216128016 1126
136163128016 1125
118112128016 1122
254174128016 1121
211194080016 1120
138135128016 1118
030144080016 1114
157208080016 1112
165021128016 1111
144078080016 1111
072012128016 1110
136130128016 1109
116015128016 1108
056015128016 1106
101002128016 1105
042048080016 1103
179203080016 1102
094078128016 1100
007061128016 1100
200056128016 1099
126209128016 1097
234083128016 1093
050114128016 1093
178034128016 1092
226121128016 1091
174027128016 1087
204016128016 1087
187206128016 1086
064042128016 1083
128173080016 1081
016196128016 1080
073093128016 1074
012011128016 1074
053173080016 1073
250238080016 1072
237233128016 1072
220036128016 1070
009010128016 1068
037190080016 1066
125095128016 1065
244134128016 1064
064220128016 1063
219017128016 1062
000005080016 1062
120024128016 1060
229233128016 1060
151017128016 1059
042152128016 1051
132179128016 1050
028158128016 1050
246026128016 1050
144062128016 1048
137229128016 1046
001240080016 1046
173109128016 1044
144149128016 1041
065084128016 1038
237016128016 1038
249084080016 1035
053165128016 1031
052243128016 1029
252227128016 1023
064248128016 1022
062197128016 1022
134002080016 1021
112071128016 1020
064190128016 1019
077167128016 1019
029161128016 1017
098019128016 1015
160255128016 1014
105044128016 1012
150047128016 1012
009161128016 1009
226094080016 1008
214197080016 1006
019014080016 1005
041145080016 1005
153159128016 1004
144248128016 1003
199207128016 1001
054091128016 999
053117128016 998
188081128016 998
095069128016 998
185006128016 994
126178128016 992
046200128016 990
137175128016 990
152112128016 989
183140128016 988
169169128016 988
050056128016 987
201232128016 986
083128128016 985
216188080016 984
248166080016 982
038123128016 982
130094128016 978
025166080016 975
062234080024 974
131129080016 974
138132128016 970
142011128016 969
156226128016 966
183101128016 965
191121128016 965
038101128016 963
125090128016 963
157105080016 961
038227128016 952
051010128016 952
029129128016 950
120191128016 947
174188128016 945
047082128016 941
009058080016 941
215110128016 940
163228128016 939
104210128016 939
116190080016 938
137160128016 937
027203128016 937
213025128016 937
163244128016 937
134083128016 934
203123128016 931
123089080016 928
196223128016 925
204133128016 924
123035080016 918
119197128016 917
101243128016 915
166040128016 913
163119128016 913
242084128016 912
156044080016 908
219045128016 908
243115080024 907
063013080016 904
085071128016 903
080039128016 902
068254080016 899
222168080016 897
225016080016 896
089129128016 894
029221128016 892
088206080016 891
036215080016 890
120041128016 890
135001128016 889
037145128016 887
099080080016 885
250171080016 885
046254128016 884
243219080016 884
042039128016 882
241113128016 882
079243128024 880
180035128016 880
070209128016 879
172166128016 879
099185128016 879
028188128016 879
197036128016 879
014095080016 876
059111128016 875
210229080016 875
141207080024 874
194238080016 874
087217080016 873
237241080016 872
086171128016 872
113220080016 872
130149128016 869
121027080024 868
186177128016 868
251057080016 866
124136128016 866
079087080016 865
194068128016 863
217018080016 862
058231128016 862
180093128016 861
103149080016 859
188167080016 859
082052080016 857
113131128016 856
038163128016 854
010240080016 853
152249128016 852
023106080016 851
106157080016 850
124098128016 846
210122128016 846
084209128016 845
056246080016 845
076004080016 843
126082080016 843
012235080016 842
236199128016 839
092133128016 838
155048080016 836
077048080016 836
218021128016 836
196049128016 835
154012080016 835
050041128016 834
206019080016 834
024121080016 833
022151128016 832
042083128016 831
217099128016 829
249229080016 829
045079128016 829
119188128016 829
026099128016 827
236155080016 825
181089128016 823
022061128016 819
022045080016 817
046042128016 817
209030080016 809
151094080016 808
019126080016 807
113073128016 806
238169080016 805
021197128016 804
005194128016 803
008089128016 803
180152080016 800
171235080016 799
023037128016 796
023020080016 796
194244080016 794
199053080016 793
103252128016 792
122233128016 792
035021128016 792
020238128016 792
009098128016 792
126243080016 791
223086128016 790
232197128016 789
030199128016 788
200094080016 787
053129080016 780
077188080016 778
149103080016 778
036049080016 778
042015128016 776
061190128016 774
135203080024 774
183222080016 768
049164080024 768
091210128016 766
245014080016 765
018086128016 762
173253128016 762
108085080016 761
043207128016 760
100004128016 759
154009080016 759
173044128016 758
153114128016 758
088029128016 757
102099080016 752
134146128016 752
057205080016 749
077125080016 748
078247128016 746
102059128016 746
061075128016 743
082211128016 743
210071128016 743
209173080016 742
135063128016 741
035125080016 738
068177080016 738
102226128016 734
013133080016 732
134233128016 731
019149080016 731
059050128016 730
254045128016 730
133158080016 730
026078080016 730
135203080016 729
078065128016 728
110021128016 727
085039128016 724
117072080016 723
243241080016 722
176002128016 722
177058080016 722
251237080016 721
231130128016 719
074050128016 718
121102080016 716
162038080016 714
213016080016 710
148059128016 710
253168128016 709
018150080016 708
043231128016 708
030244080016 707
064229080016 705
019125128016 702
171018080016 700
094129080016 700
067127080016 698
129180080016 697
106073080024 696
245194128016 695
223233080016 694
002135080016 693
084060128016 690
119098128016 690
040089080016 690
080178080016 689
060097128016 687
012097128016 685
026173128016 685
251186128016 684
108019080016 684
181115128016 682
191077080016 681
243019128016 680
021005128016 679
168194128016 678
208016080016 677
086108080016 677
161102080016 676
097141128016 675
117229128016 674
255253080016 674
109068128016 672
076109080016 671
143244128016 669
194230128016 669
157212128016 668
231110128016 667
137088080016 667
114213080016 664
084233080016 663
024151128016 662
119151080016 661
193021128016 661
019160128016 661
032245128016 661
111255128016 660
231149128016 659
215084128016 658
091141128016 658
054210128016 657
192249128016 657
010102128016 652
123011128016 651
108139128016 651
188242128016 650
242137128016 650
188085128016 649
121151128016 649
244196080016 648
006243080016 648
207198080016 645
149141128016 645
067225128016 644
130201080016 644
022156128016 643
161143128016 643
003184080016 643
201056128016 642
040098128016 640
171138080016 639
225199080016 638
081150080016 637
086195128016 636
127179080016 636
161122080016 635
021070080016 635
215185080016 634
091038128016 633
138169128016 633
116042128016 631
062251128016 631
136146080016 629
166131128016 629
086175080016 627
249057128016 627
097068128016 626
176192128016 625
099124080016 622
079015080016 622
122078080016 622
185138128016 620
226194128016 619
150118128016 618
234144128016 616
241151128016 616
069055128016 615
163076128016 613
211194080024 612
176037128016 610
129138080016 610
187182128016 608
208248080016 606
207016128016 604
095076128016 604
006108128024 602
194003128016 602
026087128016 600
214125080016 599
131147128016 598
055010080016 597
166179080016 594
200143128016 593
164253128016 592
157118128016 592
161018128016 591
019249128016 590
032106080016 590
155116128016 590
236218128016 589
212071080016 589
118106128016 586
084120128016 586
161240128016 585
220144128016 585
156171128016 584
072018080016 583
083182080016 580
033076128016 580
090200080016 579
105110128016 578
224101080016 577
110199128016 576
203017080016 575
164068128016 574
014048080016 573
139002080016 571
128218128016 571
080041080016 570
147108128016 570
095058128016 569
134188128016 569
110084080016 568
139092128016 567
091197128016 567
156018080016 567
018113128016 566
144149080016 565
151239128016 564
015221128016 564
002003080016 562
053201128016 561
083055128016 561
028161080016 561
116103080016 560
026168080016 560
149110128016 559
024119080016 559
182098128016 558
045023128016 558
035120128016 558
102229080016 557
151112128016 556
169128080016 555
106045080016 555
000000160016 554
213087128016 554
116155128016 554
107054128016 553
067192128016 552
235231128016 552
168153080016 552
046027128016 552
099018128016 548
077007128016 548
103060128016 548
249032128016 547
103219080016 546
154066128016 546
114221080016 545
118103080016 545
045089128016 544
159038080016 544
158212128016 543
031057080016 542
054074128016 542
029002128016 542
251120128016 542
230145128016 541
114176128024 541
184038128016 540
078051080016 540
099169080016 540
143231080016 540
103187128016 537
243109128016 536
055108128016 536
123054080016 534
190104128016 534
079093128016 534
186068080016 533
174021080024 533
072036128016 532
017074128016 531
225249080016 530
107117080016 530
113247128016 529
038167128016 527
163009128016 525
205163128016 525
165194080016 525
122067128016 524
191064128016 523
062017080016 523
134185128016 522
112244080016 522
084104128016 521
069174128016 521
192190128016 521
068028128016 520
023035128016 520
131000128016 519
097024080016 516
007012128016 516
106162128016 514
023043080016 514
026255128016 513
017086128016 513
120126080016 512
156149128016 512
035080128016 510
161083080016 510
142107080016 510
135014128024 510
110198080016 508
020155080016 507
228073080016 507
224049128016 506
164094128016 506
032153080016 506
085134128016 506
143097128016 506
037024080016 506
247027080016 505
122173080016 504
041205080016 502
002120080016 501
247246128016 500
167098128016 500
084094128016 500
018152128016 499
179031128016 499
114096080016 498
107242128016 497
116029080016 497
218160128016 497
159198128016 496
113010128016 496
245094128016 496
056120080016 494
139097080016 494
176072128016 494
218205080024 493
198056080016 493
203227080016 493
160241128016 492
072169080016 491
236043128016 490
091112128016 489
128185080016 488
151185128016 487
108152080016 487
056139128016 487
089091128016 486
135253128016 486
077171128016 485
074041080016 485
075130128016 484
035160128016 484
129232128016 484
244136080016 483
135184080016 482
072082080016 480
027089080016 480
138205128016 479
194143080016 478
122075080016 476
249072080016 476
011057128016 476
116033080016 475
242134128016 475
147026128016 475
048012080016 473
039221128016 473
137008128016 472
094159128016 472
002164080016 472
119210128016 471
036211128016 470
143127128016 470
106157080024 470
075255128016 470
240170128016 469
059192080016 469
221066080016 468
001132128016 466
219231080016 465
197250080016 465
133032128016 465
251035128016 464
107106080016 464
104182128016 464
139217128016 464
085245128016 464
044131080016 463
041252128016 462
214202080016 462
075047128016 462
102191128016 461
167151080016 461
203004080016 461
055057080016 460
160249080016 459
156062080016 459
079221128016 459
155028128016 459
048109128016 458
174145128016 456
222155128016 456
074006128016 456
169219128016 455
207252080016 455
042053080016 455
180232128016 454
199090080016 454
025124080016 454
037052080016 454
030198080016 453
137151128016 453
254140080016 452
219158080016 452
127137080016 452
181035128016 451
157126128016 451
007142080016 451
249056128016 450
065081080016 450
174117128016 450
243231080016 448
012250128016 447
014152128016 446
232214080016 445
118009128016 445
093013128016 444
101001080024 444
132201080016 444
080024128016 444
119228128016 444
202148080016 443
174053080016 443
051095128016 443
110229080016 443
208102128016 443
107120080016 442
247199080016 442
160159128016 441
036150128024 440
018150128016 439
120254128016 439
071049080016 438
104084128024 438
237115128016 438
211222080016 438
238156128016 438
109188080016 437
130019080016 437
141094128016 437
243196080016 437
124255080016 436
041078128016 436
167150080016 435
014170128016 435
157135128016 434
052084128016 433
157061128016 432
133224080016 432
204074080016 431
137105080016 431
178158128016 431
128081080016 431
107195080016 430
237029080016 430
027236080016 430
087114128016 429
093017128016 429
020002128016 429
075146128016 428
218224080016 428
194250128016 428
091003080016 428
106128080016 428
115064128016 427
078020080016 426
246227128016 426
179106128016 426
223136128016 426
069082128016 422
073067080016 421
220147080016 420
177218128016 420
229045128016 419
197180128016 419
242249080016 419
070110128016 418
215001080024 417
153177128016 417
077117128016 417
052226128016 417
127081128016 417
165007128024 417
237029080024 416
043066080016 416
206189128016 415
047218080016 415
225073080016 415
162005128016 414
250025128016 414
051156080016 414
122090080016 414
217073080016 414
240160128016 414
065026128016 413
082152080016 413
175031128016 413
109178080016 413
163189128016 412
219061128024 412
166113080016 412
026026080016 412
180094128016 412
121098128016 411
053056080016 411
016138128016 410
229236080016 410
245003080016 410
159235128016 410
144070080016 410
046063128016 409
006166128016 409
061058080016 409
069103128016 408
202037080016 407
053215080016 407
177091128016 407
103022128016 407
191193080016 406
190180080024 406
011233128016 406
102008080016 406
058237128016 406
204191128016 405
079095128016 404
079240080016 404
088117080016 403
070094080024 403
065183128016 402
248094128016 402
168128080016 401
217014128016 401
139178128016 401
027143128016 401
162184128016 401
050104128016 401
112014080016 400
200169080016 399
015176128016 399
225058080016 398
075054128016 398
117093080016 398
146216128016 396
087113128016 396
164180080016 395
005015080016 395
079137128016 394
113055080016 394
055244128016 394
079057128016 394
243034128016 394
080083128016 394
108046080016 394
047225128016 394
010122128016 393
114163128016 393
235229128016 393
045123080016 393
046059080016 391
074070080016 391
102130128016 390
051219128016 390
173229128016 389
169119080016 389
003052080016 388
012087080016 388
218243128016 388
093173080016 388
031152080016 388
129233080016 387
138172128016 387
169060080016 387
153187128016 386
163184080016 386
189138128016 386
052168128016 385
017253080016 383
225027128016 383
108082128016 382
242180128016 382
226015128016 382
153041128016 382
053079128016 382
025208080016 381
229121128016 380
152010128016 380
002086080016 380
150068080016 380
216019080016 380
100083080016 379
205010080016 379
215099128016 379
047074128016 378
224223080016 378
253062128016 378
169097080016 377
042122128016 377
162052128024 375
138166128016 375
021010128016 374
135005128016 373
171018080024 372
087208080016 372
037190128016 372
060111080016 372
162056080016 371
190050080016 369
190148080016 369
108176080016 369
178000128016 369
120041128024 368
098173080016 368
044111080016 367
152080128016 366
010197128016 366
162221128016 366
010110080016 366
163173080016 366
134077080016 366
070080080016 365
047054080016 364
032051128016 364
158097128016 364
037086128016 364
245073080016 364
219228128016 364
120161128016 363
159189080016 363
162045080016 363
236190128016 363
250206128016 362
165027128016 362
043227128016 362
219106128016 361
137221080016 361
039145080016 360
130133080016 360
155050080016 360
030212128016 360
047213128016 359
033253128016 359
079179128016 359
111230080016 359
231047080016 359
144066080016 358
002250128016 358
094026128016 358
220119128016 358
077219128016 356
017233128016 356
071228080016 355
139221128016 354
203015128024 354
163046080016 354
108125080016 354
136092080016 353
025167080016 353
170008080016 352
080118080016 352
208244128024 351
197007128016 351
050173128016 351
224107128016 350
066239128016 350
018047080024 350
192134128016 350
055237080016 349
242195128016 349
139227080016 349
202002128016 349
222124080016 349
072043080016 348
096100128016 348
152010080016 348
224066080016 348
048153080024 347
110227128016 346
191220128016 346
074139080016 346
030022080016 346
120200080016 346
149194128016 345
255203128016 345
155018080016 345
032240128016 345
032004080016 345
132191128016 344
114218080016 344
089112128016 344
207133128016 343
125136080016 342
167048080016 342
225037080016 341
209201080016 340
106073128016 340
175070080016 340
087017080016 340
138187080016 339
143250128016 339
122049080016 338
037179128016 338
025187128016 338
222102080016 338
087041128016 337
030145080016 337
026153128016 336
082011128016 335
009102128016 335
031209128016 335
135112080016 334
156023080016 334
032136080016 334
017100128016 334
195008128016 334
022201080016 333
049141128016 333
067179128016 333
200088128016 332
124094080016 332
143185128016 332
065186128016 332
142160128016 331
080250128016 331
118077080016 331
040031080016 331
224175080016 330
163002128024 330
062213080016 329
247034080016 328
123237128016 328
035213128016 327
036015080016 327
103251128016 327
233147128016 326
237051128016 326
124205080016 326
147203128016 326
113101080016 326
228249128016 326
002175080016 326
034100128016 326
012089080016 325
057088128016 325
038129080016 325
223095080016 325
110161128016 324
191010128016 324
057029080016 324
218098080016 324
103167128016 323
002246128024 323
166024080016 323
013096128016 322
248164128016 322
117063128016 322
108147080016 322
088035080016 322
087152128024 321
143154128016 321
030192128016 321
028118128016 321
238016080016 321
187146128016 321
145228080016 320
097156080016 320
064050128016 319
089005080016 319
094207080016 319
102098080016 317
044126128016 317
166179080024 317
187022080016 316
165242080016 316
182050128016 315
157105128024 315
097255080016 314
112026080016 314
082236128016 314
214214080016 314
255067128016 313
163118080016 313
160250080016 313
113030080016 312
254021080016 312
168172080016 312
199143080016 312
128196080016 311
250159080016 309
181184080016 308
012015080016 308
136102080016 308
038011080016 308
204192080016 308
236142128016 308
063012080016 307
161247128016 307
196105128016 305
014107080024 305
206244128016 305
206124128016 305
041033128016 305
067167080016 304
179234128016 304
221125128016 304
119195080016 304
084124080016 304
156078080016 303
043133128016 303
138078080016 303
222035128016 302
232167080016 301
240016128016 301
236230128016 300
089081128016 300
002228128016 299
138073128016 298
126253128016 297
028213080016 297
207246128016 296
117055080016 296
107020128016 296
166035080016 295
080209080016 295
035147128016 295
167229080016 295
234094128016 295
029249128016 293
219176080016 293
029177128016 293
176151080016 293
039170128016 293
108233128016 293
120250080016 292
083223080016 291
012084128016 291
143161128016 290
116113080016 290
125019128016 290
117161080016 290
055119080016 288
203041080016 288
158212128024 288
226115080016 288
065228128016 287
145233080016 287
078206128016 287
136062080016 287
024167080016 286
125246128016 286
217166080016 286
032131080016 286
120214128016 285
030054128016 285
118132080016 284
092025128016 284
112084128016 284
069080128016 283
218205080016 283
253109128016 283
075176128016 283
106187080016 282
177165080024 282
192039128016 282
044243128016 281
081201080016 281
126047080016 281
169169080016 281
148074128016 280
049146128016 280
230064128016 280
103185080016 279
102233080016 279
182167080016 279
150021128016 278
197140080016 278
057087128016 278
191076080024 277
010082080016 277
065054080016 276
033032128016 276
098108128016 276
225206128016 276
208081080016 276
035241128024 275
073008128024 275
039133128016 274
000000224016 274
012046128024 274
015187080016 273
223162080016 273
107051128016 273
023014080016 272
029137080016 272
150050128016 272
164242128016 272
157196080016 272
045141080016 272
189195128016 271
227008080016 271
127130128016 271
141149080016 270
082125128016 270
135230080016 270
199220128016 270
203012128024 270
081245080016 269
149019080016 268
178242080016 268
232090080016 267
050143080016 267
059005080016 267
167080080016 267
065079128016 266
119085080016 266
041061128024 266
060227128016 266
226223080016 266
053161080016 266
085238128016 265
138101128024 265
094059128016 265
026053080024 265
173013080016 263
189075128016 263
007009128016 262
125119080016 262
130074128016 262
133242128016 262
000000176194 261
091114080016 260
005088128016 260
167095128016 259
105148080024 259
140077128016 259
174140128016 259
167035080016 258
126088080016 258
055240128016 258
118088128016 258
044255080016 258
009133128016 257
037095128016 257
060161128016 257
226159080016 257
094244128016 257
207000128024 256
102183128016 256
079191080024 256
008056080016 254
202082080016 254
019007080016 254
167045128016 254
155121128016 253
177041128016 253
051088080016 252
166145128016 252
083132128016 251
062190128016 250
215213080024 250
034097080024 249
160121128016 249
225165080016 249
079053128016 248
242032128016 248
101001080016 248
068101080016 248
030065080016 247
182024128016 247
124203128016 245
000026128016 245
216156080016 245
040040080024 245
251136128016 245
202246128016 245
205134080016 245
113119128016 245
231229080016 244
218067080016 243
215166128024 243
134240128016 242
191081128016 242
149082080016 241
021082080024 241
119043080016 241
175103080016 241
033237128016 241
142239080016 241
086155128016 241
140027128024 241
086225080016 241
137038128016 241
032101080016 241
124014080016 241
168073128016 241
117243080016 240
048231080016 240
137212080016 240
121059080016 240
070169080016 239
227224080016 239
203198128016 238
058224080016 238
115210128016 238
125151128016 238
127001080016 238
022241128016 237
099110128016 237
009111080016 237
026103128016 236
047221128016 236
051213128016 236
133250128024 236
055242080016 236
034097080016 235
104150128016 235
007036128016 234
054195128016 234
120079080016 234
036086128016 233
183042080016 233
118052128016 232
168073128024 232
229193128016 232
162095128024 231
099055128016 231
163009128024 231
225180080016 231
015041128016 231
192111128016 231
158098080016 230
122110128024 230
044126128024 230
039015128016 230
176235128016 230
148126128024 230
226073080016 229
146146080024 229
099002080016 228
083036128016 228
148210080016 228
131203080016 228
068043128016 228
204155128016 227
143055128016 227
237107128016 227
113106080016 226
163086080016 225
226028080016 225
233179080016 225
160019080016 224
226223080024 224
121225080016 223
194130128016 223
177196128016 223
166228080016 223
195003080024 222
074211128016 222
194120128016 222
027154080016 222
225240128016 221
122041128016 221
185101128016 221
056162128016 221
032164128016 220
012190128016 220
116096080016 220
206000128024 220
053068128024 220
065098128016 219
091138080016 219
059009080016 219
113157080016 218
135213128016 218
185015128016 218
208061080024 218
042046080016 217
224090080016 217
157141128016 217
111129080024 217
195152128016 217
117095080016 216
244247080016 216
049207080016 216
209249080016 216
212167128016 215
185037080016 215
103061128016 215
166141128016 215
103041128016 215
249158128016 214
123104080016 214
140103128016 214
108006080016 214
207222080016 214
180016128016 213
198125128016 213
019244128016 213
052103080016 213
022045080024 213
100229128016 212
051212128016 212
023021128016 212
067110080016 212
121105128016 211
160246128016 211
162034128016 211
008135080016 211
195176128016 211
232127080016 211
029158080016 211
016149080016 211
063175080016 211
025226080016 210
027025128016 210
182066128016 210
218043128016 209
156176080016 209
020206080016 209
226165080016 209
198069128024 208
208244128016 208
201131128016 208
040068080016 207
083140080016 207
132220128024 207
172005128024 207
186103080016 207
118044128016 206
233055080016 206
108020128016 205
002000128024 205
252252080016 205
144169128016 205
123176080016 205
112134080016 205
210065128016 204
234231080016 204
005008080016 204
011188128016 204
111055128016 203
023020080024 203
043036080016 203
076007128016 203
234227080016 203
057154128016 202
060002080016 202
025167080024 201
237152128016 201
201103128016 201
031057128016 200
072252080016 200
014187128016 200
058051080016 200
237048128024 200
231020128016 199
191145128016 199
169236128016 198
006129128016 198
126045080016 198
118103080024 198
015095080016 197
035154128016 197
233025080016 197
226159080024 197
127092080016 197
209150080016 197
092088080016 196
075169128016 196
044047080016 196
159242080016 196
167000128016 196
183212080016 196
178252128016 196
054094080016 196
071244128024 196
235079080016 196
153000128016 196
185194080016 196
155119128016 196
233054128016 196
090204128016 196
254191080016 196
222198128024 196
082230128016 196
070080080024 196
199107080016 196
188139128024 196
134000128016 196
221160128016 196
178060128016 196
002177080016 196
029171080016 196
167213080016 196
216142128016 196
198123080016 196
037165080016 196
114137128016 196
052061080016 196
004237080016 196
037031128024 195
042147128016 195
093239080016 195
181211128024 195
199173128016 195
202038080016 195
120241080024 194
231251080016 194
234077080016 194
166030080016 194
197154080016 194
142107080024 194
248077080016 193
069143128016 193
126082080024 193
184111080016 192
088255128016 192
167008080016 192
021159128016 192
062065128016 192
021220128016 192
124171080016 192
231047080024 192
111230080024 191
210120128016 191
232188128016 191
126164080016 191
171231128016 191
235094128016 191
024225080016 191
115017128016 190
202035128016 190
027235128016 190
013185128016 190
086088080016 190
033086080016 190
156245128016 190
175113080016 190
011058128016 189
002017128016 189
166139128016 189
054175080016 189
214066128024 189
031164080016 189
149180128016 189
061104128016 188
010210080024 188
098083080016 188
012054080016 188
175005128024 188
252082128016 188
141087080016 188
213124080016 187
148234128016 187
049094080016 187
101061128016 187
233055080024 186
198168080016 186
100020080016 186
013002080016 186
173086080016 185
123114080016 185
030160080016 185
201008080016 184
013155080016 184
180062128016 184
061238128024 184
196219128016 184
188203128016 183
062062128016 183
065067080016 183
040031080024 183
115132128024 183
041135128016 183
158081128024 183
109196128016 183
126089080016 183
188132128016 183
061062080016 183
209092128016 182
153168080016 182
012191128024 182
120136080024 182
053022128024 182
076083128016 182
017015128024 182
177053128016 182
001227128016 181
162067128016 181
135159080016 181
133021128016 181
123123080016 181
142064128016 181
008175128016 181
154227128016 181
228244128016 180
000144080016 180
227220128016 180
167070128016 180
061171080016 180
121249080016 180
238129128016 180
148006128024 180
234098080016 180
231030080016 179
072122128016 179
165035080016 171
172061080016 170
166115128016 170
073251080016 170
232143080016 170
202043080016 170
013063128016 170
236247080016 170
116190080024 170
020046128016 170
054018080016 170
190157128016 170
008211128024 170
243134128016 170
123202080016 170
141163128016 170
120136080016 170
197165080016 170
073204128016 170
042052080016 170
032156128016 170
134179080024 170
121249080024 170
150118080016 170
114056128024 170
050034128016 170
162208128016 170
105245128016 170
160023080016 170
156020128024 170
042089080016 170
194241128016 170
198069128016 170
177122128016 170
224115080016 170
172086128016 170
052250128016 170
253000080016 170
083206080016 170
170214080016 170
102039080016 170
206000128016 170
167122080016 170
011190128016 170
084134128016 170
006202080016 170
014107080016 170
154028080016 170
188053128016 170
030239080016 170
063142080016 170
148144128016 170
122078080024 170
123165080024 170
175067128024 170
234023128016 170
115064128024 170
103090080016 170
132069080016 170
050096128016 170
128060128016 170
132164080024 170
182042128016 152
092095080016 152
035057128024 152
078204128016 152
036030080016 152
118064128016 152
042046080024 152
051050128016 152
069104128016 152
220176128016 152
192053128016 152
034056128016 152
124044128016 152
218224080024 152
108139128024 152
000192128016 152
198104128016 152
055146128016 152
181089128024 152
249035080016 152
126089080024 152
229164080016 152
110200128016 152
131007128016 152
165052128016 152
082215080016 152
037209128016 152
069105128016 152
105077128016 152
010225128016 152
093167080016 152
016141128016 152
152108080016 152
012177128016 152
239010128016 152
051236080016 152
050232128024 152
090036128024 152
217168080016 152
099177128024 152
097098128016 152
183142128016 152
100235080016 152
010162128016 152
092193080016 152
193116128016 152
132252128016 152
010203128016 152
098009080016 152
130241080016 152
127137080024 152
098240128016 152
065212128016 152
054231128016 152
188254080016 152
221251128016 152
076004128024 152
184116128016 152
073011080024 152
011254128016 152
105026080016 152
193229128016 152
234070080016 152
040161128016 152
024200128016 152
099129128016 152
184137128016 152
158232128016 152
075232080016 152
025221080016 152
015225128024 152
195144128016 152
108055128016 152
236086128016 152
003056080024 152
196236080016 152
133047080016 152
104038128016 152
171022080016 152
210194128016 152
056119128016 152
026241080016 152
106079080016 152
012104080016 152
230224080016 152
054179128024 152
147000128016 152
175237080016 152
005219128016 152
019247128016 152
223206128016 152
036193128016 152
098146128016 152
226048080016 152
133250128016 152
106155128024 152
177199128016 152
195047128016 152
233151128016 152
159071128016 138
112003128016 138
099189128016 138
072038080024 138
119078080016 138
093191128016 138
000000176018 138
069073128016 138
048206128016 138
087118080016 138
135190128016 138
177052128016 138
218213128016 138
128216128024 138
003192128016 138
120162128016 138
166012128016 138
094156080016 138
235041128016 138
224022080016 138
082003080016 138
064229128016 138
028137080016 138
022199128024 138
213111128016 138
084091128016 138
212253080024 138
043091128016 138
034083080016 138
063189128016 138
068163128024 138
063167128016 138
067058128016 138
141120128016 138
082208080016 138
061228080016 138
017191128016 138
086179128016 138
115000128024 138
186018128016 138
094025128016 138
205052128016 138
100050080016 138
115030080024 138
253211080016 138
102214128016 138
204242128024 138
226157080016 138
180074128016 138
124160128016 138
090129080016 138
015211080016 138
059029128016 138
253216128016 138
052020080016 138
014218128024 138
194030080016 138
053003128016 138
154129128016 138
087088128024 138
168172080024 138
168211080016 138
215119080016 138
196066128016 138
069004080016 138
102157128024 138
102205128016 138
044048128016 138
135000128016 138
194083080016 138
071097128016 138
167099128016 138
136004128016 138
227244080016 138
130013080016 126
058015128016 126
017189128016 126
117088080016 126
133104128024 126
136113080016 126
160017080016 126
200234128016 126
167151080024 126
088142080016 126
130182128024 126
159126080016 126
137119128016 126
025223080016 126
118019080016 126
021087128024 126
235107128016 126
251167128024 126
086157080016 126
142161080016 126
160020080024 126
122012128024 126
006017128016 126
220219128016 126
041079080016 126
124082080016 126
020097128024 126
004245128016 126
015099080016 126
206036080016 126
221193080016 126
047071080016 126
074069080016 126
229217080016 126
086181128016 126
102084080016 126
042082128016 126
110002128016 126
096145128016 126
203252128016 126
128111080024 126
123039080016 126
121191080016 126
170232128024 126
140121128016 126
214214080024 126
075040080016 126
213084080016 126
041001128024 126
057029080024 126
136029128016 126
079255080016 126
066051128016 126
180110128016 126
054105128016 126
040055128016 126
169205080016 126
052078080016 126
218218080016 126
124056080016 126
078212080016 126
204075080016 126
045050080016 126
114221128016 126
130146128016 126
143006128024 126
215051080016 126
067139128016 126
119204128016 126
226189128016 126
206117128016 126
073094080016 126
104085080016 126
046199080016 126
046147128016 126
115093128024 126
180198128016 126
095000080016 126
108055080016 126
128185080024 126
029098128016 126
200229128016 126
102095080016 126
074226080016 126
100165080016 126
034014080016 126
061071128016 126
116120080016 126
183030128016 126
024116080016 126
255052128016 126
224030080024 126
028099080024 126
046163128016 126
175095080016 126
013090128016 116
231075080016 116
061174080210 116
054206128016 116
083229128016 116
125065080016 116
135058128016 116
070239128016 116
140054080016 116
247144128016 116
180189080016 116
162095128016 116
172000128016 116
188131080016 116
070049080016 116
107109128024 116
058072080016 116
063075080016 116
055057080024 116
052042128016 116
162012080016 116
090237128024 116
049077080016 116
215161128016 116
077194080016 116
098149080016 116
110113128016 116
050072080016 116
245153128024 116
013211080024 116
215212080016 116
107224128024 116
069196080016 116
227068080016 116
002174128016 116
191179128016 116
130090128016 116
094117128024 116
054050080016 116
007124128016 116
165215128016 116
110249128016 116
137181080024 116
164190080024 116
182054128016 116
240078128016 116
166126128016 116
187167128016 116
241128080024 116
068085080016 116
116033080024 116
217075080016 116
114122080016 116
082137080016 116
076163128016 116
123165080016 116
078046080016 116
152001128016 116
222143128016 116
120094080016 116
022046128016 116
082125080016 116
063165128016 116
042073128016 116
017192128016 116
124205080024 116
053241080024 116
127080128016 116
018054080016 116
106244080016 116
082209128024 116
195148080016 116
036180080016 116
103244080016 116
038004128016 116
208056080016 116
039015128024 116
000175080016 116
117254080016 116
225106128016 116
187209128016 108
163180080016 108
224046080016 108
021127128016 108
020099080016 108
112180128016 108
029092128024 108
213191128016 108
045128128016 108
049142080016 108
052061080024 108
090157128016 108
037197128016 108
118100128016 108
229149128016 108
046063128024 108
161241080016 108
115209128024 108
199137128016 108
242117080016 108
045008128016 108
251091128024 108
175093080016 108
219168128016 108
198119128024 108
130106128016 108
199129128024 108
204202080016 108
240080128016 108
045154128016 108
176184128016 108
017031080016 108
113102128016 108
130149080016 108
135071128016 108
160144128016 108
079133080016 108
223128128016 108
142172128016 108
009130128016 108
252160080024 108
118041128016 108
012057128024 108
181076128024 108
143148128024 108
061207128016 108
071137080016 108
119098080016 108
112128128016 108
209042128024 108
169190128016 108
123092080016 108
049218128024 108
146166080024 108
204250080016 108
016159080016 108
145038080016 108
151217080016 108
033151080024 108
226253128016 108
205035128016 108
227210128016 108
159059128024 108
012075128016 108
009090080016 108
143000080016 108
006081128016 108
164122128016 108
218125128016 108
133213080016 108
148201080016 108
123213080016 108
029047128016 108
171100128016 108
190139128016 108
115162128016 108
226086128016 108
243006128016 100
057218128016 100
144137080016 100
100071080016 100
102233080024 100
070176080016 100
200095128016 100
125192128016 100
177251128016 100
202045080016 100
079240080024 100
081157080016 100
172058128024 100
061229128016 100
005023128016 100
033056128016 100
163101128016 100
017180080016 100
107096128016 100
048235080016 100
057204128016 100
099063128024 100
124112080024 100
007215128016 100
108212080016 100
127135128016 100
116150080016 100
003032080016 100
032099080016 100
134191128016 100
011045128016 100
046095128016 100
230129128016 100
199136128024 100
129179128016 100
005159128016 100
143017080016 100
182058128016 100
056120080024 100
001005080016 100
167122080024 100
057056128016 100
107071128016 100
125188128016 100
073094080024 100
008135080024 100
129153128016 100
109149080024 100
179028128016 100
242003128016 100
195184128016 100
129194080024 100
005226128024 100
232090080024 100
058005080016 100
138214080016 100
226130128016 100
093062080016 100
162100128016 100
101047128024 100
047010128024 100
057127128016 100
123061128016 100
025179080016 100
041194080016 100
163099128016 100
111085128016 100
143192128016 100
051145128016 100
057083080016 100
211022128016 100
186145080016 100
105196080016 100
055242080024 100
105102080016 93
255195128016 93
236182128016 93
210163080016 93
081136080024 93
073097128016 93
195017128016 93
120104080016 93
119141080024 93
039160128024 93
133222128016 93
206123128016 93
049236128016 93
011125080016 93
060051128016 93
048212080016 93
067214080016 93
131086128016 93
131098080016 93
016112128016 93
115132128016 93
185153080024 93
047010128016 93
085236128016 93
168045080016 93
166072080016 93
179097080016 93
019016128016 93
165238128016 93
229060128016 93
131050128016 93
230004080024 93
112217128024 93
097057128016 93
016247128016 93
168235128016 93
081234128016 93
027234128016 93
158101080016 93
036176128016 93
022253128016 93
048190080016 93
087107128016 93
123095128016 93
200016080016 93
005037080016 93
047126128016 93
088120080024 93
137239128016 93
090025080016 93
126210128016 93
168166128024 93
066085128016 93
071133128016 93
058212128016 93
177199128024 93
209205080016 93
165080128016 93
137136128016 93
223095128016 93
066032128024 93
221153080024 93
086184128016 93
125004128016 93
173086080024 93
039236080024 93
080165080016 93
156092128016 93
096074080016 93
136227128016 93
003116128016 93
211132128016 93
017210128016 93
131253128016 93
015222128016 93
177132128024 93
134012128016 93
045006128016 93
104084128016 93
002100080016 87
237037128016 87
180034080016 87
145248128016 87
111136080016 87
222015080016 87
218121080016 87
050143080024 87
043170128016 87
044001080016 87
037093128016 87
100014128016 87
117006128016 87
093091080016 87
102213128016 87
195141080016 87
166162128016 87
044118080016 87
082186080016 87
073019080016 87
085012080016 87
107223128016 87
094036080016 87
221073128016 87
163161080016 87
241236128016 87
092164080016 87
049007128016 87
255073128024 87
136087128016 87
105137128016 87
235028128016 87
029225080016 87
108095080016 87
042017080016 87
079157080016 87
171010080016 87
128086080016 87
077122080016 87
124048080016 87
064133128024 87
150142128016 87
158027080016 87
050196080024 87
169062128016 87
227173128016 87
255090080016 87
113105128016 87
053133128024 87
059128128016 87
084033080016 87
145128128016 87
121013080016 87
013126128016 87
123068080016 87
000000144018 87
128111080016 87
065024128016 87
157076080024 87
168115080016 87
225239128016 87
070054080016 87
114108128016 87
066172128016 87
066229128016 87
150009128016 87
248227128016 82
134075128016 82
063254128016 82
044030128024 82
207187128016 82
118061080024 82
132117128016 82
087200080016 82
070029128016 82
099224128024 82
064124128024 82
125108128016 82
071230080016 82
003196128016 82
045145080016 82
014116128016 82
057063128024 82
160241128024 82
178050128016 82
142229128016 82
211016128016 82
062203128016 82
062066080016 82
246192080016 82
122085080016 82
254109080016 82
250140128016 82
123107080016 82
161236128016 82
035070128016 82
238059080016 82
085020128016 82
219103080016 82
230087128016 82
042175080016 82
018122128016 82
163084080016 82
084243080016 82
027044080016 82
203094128016 82
241231080016 82
107192128016 82
041088080016 82
252059128016 82
182019128024 82
239160080024 82
244173128016 82
045068080016 82
061063080016 82
071254080016 82
248144128016 82
111223128016 82
153087128024 82
126176128016 82
131035128016 82
066011128016 82
237253128016 82
078181128016 82
094124080016 82
139185128016 82
082141080016 82
075062128016 82
170066080016 82
073236128016 82
075105080024 82
139009128016 82
016122080024 82
195061128016 82
177030128016 82
242006128016 82
114091080016 82
188185128016 82
147125128016 82
148157128016 82
052172128016 82
121117128024 77
253211128024 77
075209080016 77
036215080024 77
182039080016 77
253056128016 77
028001128024 77
114214080016 77
240050128016 77
056250080016 77
027185128016 77
004209128016 77
209203128016 77
000000192016 77
164179080016 77
190238128016 77
233122080016 77
103083128016 77
188243128016 77
070152128024 77
174033128016 77
017133128016 77
227093128016 77
088121128016 77
088127080016 77
095235080016 77
154159128016 77
042052128016 77
089131080016 77
135062128016 77
228054080016 77
233198128016 77
196125128016 77
210172080016 77
148015128016 77
051076080016 77
204133128024 77
029052128024 77
081000128016 77
127016128016 77
251227080016 77
002086080024 77
073070080016 77
131217128016 77
142222128016 77
150177128016 77
188202080016 77
114114080016 77
016061080016 77
041087080024 77
143244128024 77
044099128016 77
137025128016 77
096221128016 77
192244080016 77
068017128016 77
130200080016 77
183070128024 77
178208080016 77
101027128016 77
021162080016 77
210099128016 77
021114080016 77
195120128016 77
090110128016 72
155083080016 72
185255128016 72
195094080016 72
176112080016 72
174200128016 72
057248080016 72
222248128016 72
079015080024 72
123181128016 72
115022128016 72
197140080024 72
137208080016 72
062250128016 72
018036080016 72
057188128016 72
018126128024 72
130126128016 72
118088128024 72
051059128016 72
205202128024 72
039105080016 72
191225080016 72
096219128016 72
190222080016 72
003151080016 72
137229080016 72
201032080016 72
144088128024 72
163238128016 72
009251080016 72
142013128016 72
106253128016 72
144029128016 72
112095128016 72
132065128016 72
044221080016 72
020085080024 72
199129128016 72
042191128016 72
206125128016 72
123104080024 72
121117080016 72
021049080016 72
118019080024 72
069067080016 72
096031128016 72
238000080016 72
159012128024 72
001153080024 72
117013128016 72
145213080024 72
133192128016 72
109151128024 72
087225128016 72
164168128024 72
091171128016 72
244037128016 72
146172128016 72
096235128016 72
170008080024 72
023145128016 72
190002080016 72
171111080024 72
000096128016 67
035250128016 67
011056128016 67
006155128024 67
216168080016 67
121236128016 67
103003080016 67
120126080024 67
130053128016 67
067240128016 67
041236128016 67
136010128016 67
152128128016 67
164237128024 67
212051128016 67
233080128016 67
204168128016 67
049218128016 67
097163080016 67
071085128016 67
001186128016 67
027089080024 67
017210128024 67
188135128016 67
251219128016 67
126116128016 67
232012080016 67
183042080024 67
006017128024 67
006102128016 67
232167080024 67
209220128016 67
185150080016 67
020098080016 67
233150128016 67
136191128016 67
150203128016 67
101031080016 67
140194128024 67
115226080024 67
197035080016 67
045136128016 67
136099128016 67
075132128016 67
167080080024 67
029055128016 67
133109080016 67
012217080016 67
195184128024 67
060188128016 67
058138128024 67
240196128016 63
062011128016 63
066111080016 63
229106128016 63
207089128016 63
108207128016 63
119195080024 63
139054128016 63
103106128016 63
244156128016 63
191157128016 63
218175128024 63
138007128024 63
063221128016 63
234186080016 63
122248080016 63
087127080016 63
000000080018 63
018056128016 63
187022080024 63
195231128016 63
105243128016 63
160214128024 63
082190128016 63
095125080024 63
152090080016 63
241191080016 63
167148128016 63
000157128016 63
088035080024 63
107158128024 63
025172080024 63
035052080016 63
028040128016 63
152050080016 63
101093128016 63
106151128016 63
123107080024 63
055076080016 63
245171128016 63
251106128016 63
162213080016 63
002185080016 63
089038080024 63
156255080016 63
049094080024 63
226118128016 63
026255128024 63
057054128016 59
111046128024 59
027063128016 59
246003128016 59
068229080016 59
000018128024 59
014200080016 59
051150080016 59
117125128016 59
171226128016 59
147232080016 59
164083080016 59
146047128016 59
153031128016 59
143104128016 59
181076128016 59
136237128016 59
104045128016 59
125013080016 59
014031128016 59
015201128016 59
246222128016 59
047171128024 59
107036128024 59
205212080016 59
091001080024 59
148092080016 59
051247128024 59
240050128024 59
244079080024 59
075182128016 59
232134080016 59
105152080016 59
050082128016 59
181208128016 59
117054080016 59
217218128016 59
243004080024 59
047169128024 59
232012080024 59
172161128024 59
144065128016 59
254138128016 59
109218128016 59
215185080024 59
075220128016 59
043120128016 59
164064080016 59
060030128024 59
038010128016 59
250209128016 59
109170128016 59
149082128024 59
080067080016 59
150197080016 59
143234080016 59
016221128024 59
050185080016 59
230025128016 59
214052128016 59
251052080016 59
254093080016 59
105022128016 59
054147128016 59
066007128016 59
097227128016 59
227242128024 59
088092128016 59
241063128016 59
147140128016 59
215254128016 59
107167128016 59
095176128016 56
031004080016 56
084156128016 56
119011080016 56
195175080024 56
214227080016 56
150111128016 56
177060128016 56
180233128016 56
223146080016 56
001024080016 56
234000128016 56
204073128016 56
085017080016 56
115140128016 56
198001080016 56
072114128024 56
130162128016 56
185240128016 56
128213128016 56
097186080016 56
075135080016 56
222061080016 56
066111128024 56
119187128016 56
201236128016 56
130234128016 56
007142080024 56
163104080016 56
252238080024 56
222113080016 56
155038128016 56
056101128016 56
010060128016 56
064075128024 56
250203128016 56
202010080016 56
041017128016 56
165207080016 56
023089080016 56
080015128016 56
082169080016 56
128085080024 56
034091128016 56
043247128024 56
020225128024 56
098016128016 56
077033128016 56
217214128016 56
061201128016 52
229194080016 52
021187128016 52
066119080016 52
163177128016 52
156130080016 52
108196128016 52
137238080016 52
107206128024 52
112105128016 52
228222128024 52
217172080016 52
200177128016 52
091225128016 52
169169128024 52
117230128016 52
005136128024 52
165179128024 52
170222128016 52
037024128016 52
181001128016 52
107234080016 52
106100080016 52
167029080024 52
068088080016 52
206137128016 52
093012128016 52
032137080016 52
247201080016 52
250173128016 52
105144128016 52
069195128016 52
005015080024 52
113167080016 52
090170080016 52
101088128016 52
065072128016 52
178238128024 52
118183128016 52
217053128024 52
239067080016 52
042147128024 52
024042128024 52
010132080016 52
134117128016 52
058051080024 52
125042128024 52
114002128016 52
166147080024 52
004078128024 52
094154128016 52
015212128016 52
046123128016 52
083117128016 52
110199128024 52
133027128024 52
208097128016 52
102146080016 52
130184080016 52
051034128016 52
113236128016 52
066230080016 52
234069080016 52
022157080016 52
076146080016 52
139218128016 52
248008128016 52
159007128016 49
051054128024 49
246186128024 49
146042128016 49
158200128016 49
034188128024 49
225249080024 49
099115080016 49
106238128016 49
154151128024 49
151074128016 49
215074080016 49
022180128024 49
039170128024 49
000082080016 49
123101080016 49
014197080016 49
131122128016 49
161059080016 49
244026128024 49
039078128024 49
189073128024 49
110211080016 49
167153128016 49
039189128016 49
005180128016 49
103044128016 49
139093080016 49
055231128016 49
043138128024 49
024207128016 49
055021080016 49
137024080016 49
114153128016 49
115049080016 49
099218128016 49
230235128016 49
148210128024 49
070160080016 49
154088128016 49
055008128016 49
182251080016 49
146076128016 49
174157080016 49
037063128024 49
136054080016 49
222068128016 49
254102128016 49
218156080016 49
222248128024 49
069114128016 49
066045128016 49
015058080016 49
251079128016 49
219158080024 49
251091128016 49
132012080024 49
067113080016 49
200050080016 49
205212128016 49
209192128016 49
018182128024 49
063242080016 49
231072128016 46
224039080016 46
211124080016 46
016136080016 46
103108080016 46
246182128016 46
119017080016 46
114176128016 46
135014128016 46
028137128016 46
255207080016 46
064118080024 46
059081128016 46
231192128016 46
064146128024 46
100154080016 46
033151128016 46
144030128016 46
098142128016 46
248251080016 46
049198080016 46
037199080016 46
203151128016 46
191119080016 46
051000080016 46
194217128016 46
231069080016 46
248013080016 46
099005128024 46
050219128016 46
161184080016 46
067079128024 46
045040080016 46
095046080016 46
222186128016 46
141053128024 46
075188080024 46
109007128016 46
075012080016 46
178203128016 46
253245128016 46
225210080016 46
156206128016 46
114038080016 46
083054128016 46
154249128016 46
193026080016 46
230163128016 46
201187128016 46
117013080016 46
199144128016 46
005053080016 43
208067128016 43
149012128016 43
205136128016 43
213196128024 43
243044128016 43
165022080024 43
009146128016 43
151223128016 43
086192128016 43
131182080016 43
177223080016 43
113030080024 43
227130128016 43
098075128016 43
112085128016 43
159118128016 43
009208128024 43
065244080024 43
034108128016 43
010172080016 43
047027080016 43
234116128016 43
209183128024 43
003153128016 43
065026128024 43
004009080024 43
039020128024 43
181162128024 43
148112128016 43
134073080016 43
117096080024 43
065197128016 43
172225080016 43
007218128016 43
025211128016 43
142178128016 43
193067080016 43
112146080024 43
059068080016 43
237217128016 43
146216128024 43
056198128024 43
176131128024 43
061146128016 43
075141080016 43
021101128016 43
140101080016 43
244065080016 43
154247080016 43
233232128016 43
004019080016 43
243004080016 43
097236128016 43
103143080016 43
190042080016 43
060211128016 43
049101128016 43
009126128016 43
141100128016 43
189030128016 43
195112080016 43
253031128016 43
002028128016 43
210125080016 40
201219128024 40
018166128016 40
079182080016 40
002241128024 40
029206128016 40
077048128016 40
113111128016 40
240075080016 40
114009080016 40
179031128024 40
155005128016 40
156023080024 40
073118080016 40
060236128016 40
137236128016 40
039019128016 40
149077080016 40
019229128024 40
042144080016 40
127098080016 40
073043128024 40
255096080016 40
055186080016 40
080133128016 40
119026128016 40
069105128024 40
036100080016 40
209199128016 40
073054080016 40
074233128016 40
245192128016 40
092253080016 40
205204080016 40
164127128016 40
118168128016 40
165073128016 40
058174128016 40
106046080016 40
101160128016 40
149019080024 40
078223080016 40
241047080024 40
183149080024 40
156208080016 40
240153128024 40
151044128024 40
147077080016 40
120064128016 40
061185128016 40
093053128024 40
056162128024 40
184231080024 40
160007128016 40
090237128016 40
190195080016 40
133136080016 40
208149128016 40
106157128024 40
116086080016 40
101018128016 40
240231128016 40
252046128016 40
180161128016 40
155050080024 40
080145080024 40
183149080016 40
085209128016 40
041082080024 37
088011128016 37
009110128016 37
015236128024 37
083220080016 37
160087128016 37
180007080016 37
152248080016 37
032243080016 37
162230128024 37
037168128024 37
072206128016 37
250208128016 37
037053128016 37
162033128016 37
135138128016 37
249164080016 37
198020128016 37
024122128016 37
103111128016 37
099115080024 37
162251128016 37
163145128024 37
234151128024 37
088002128016 37
110112128016 37
085043128016 37
110049080024 37
050205080024 37
061018080016 37
007188128016 37
012089080024 37
124098080016 37
086073080016 37
024222080016 37
083128128024 37
034053128016 37
129111080016 37
139127128024 37
102178128016 37
055023080016 37
074200080016 37
013111080016 37
144152128016 37
085029080024 37
172135128024 37
123020080016 37
139192128016 37
057021128016 37
078253128016 37
070065128016 37
138164080016 37
163218128016 37
080217080016 37
153172128016 37
029145080024 37
243221128016 37
151129080016 37
081201128024 37
075235128016 37
157246128016 37
091092128024 37
034041080016 37
145236128016 37
020198128016 37
112156080016 37
138018128016 37
153243128016 37
112022128024 37
083136128024 35
024002080016 35
097104080016 35
210226128016 35
233136128016 35
050238128016 35
194122080024 35
250054128024 35
121091080016 35
143206128016 35
081187080016 35
041214080016 35
076200080016 35
216032080016 35
080237128016 35
169254080016 35
085203128016 35
097118080016 35
137240128016 35
048042080016 35
174147128016 35
072105128016 35
075133128016 35
073096080016 35
083199128016 35
077188080024 35
241152080016 35
073138128016 35
160254128024 35
102008080024 35
245164080016 35
050027128016 35
000024128016 35
222159128016 35
106182080016 35
012245080024 35
123069128024 35
166037080016 35
116092128016 35
111149128024 35
105044080016 35
039059080016 35
139185128024 35
078005080016 35
094036080024 35
157103080016 35
213013128016 35
249189128016 35
151082128016 35
162127128016 35
148131128016 35
005165128016 35
081217128024 32
070061128016 32
000192080016 32
144151128024 32
128255128016 32
139082128024 32
046010128016 32
184105128016 32
135174080016 32
057173128016 32
219017128024 32
143013080016 32
107195128016 32
092095080024 32
003161128016 32
247216080016 32
010082080024 32
035084128016 32
002022128016 32
147168080016 32
141212080016 32
095014080016 32
186199128016 32
129082128024 32
213095128024 32
048218080024 32
150225080016 32
029228128016 32
186068128016 32
141099128016 32
002175128016 32
228130080016 32
140227080024 32
092031080016 32
215074128016 32
147080128016 32
018121128024 32
160218128024 32
138160128016 32
154056080016 32
063093128024 32
181037128016 32
077095128024 32
121072080016 32
093180128016 32
154087128016 32
063103080016 32
048197080016 32
245013128016 32
222123080016 32
100212080024 32
047255080016 32
014166080016 32
165043128024 32
140028080016 32
075173128024 32
167241080016 32
046186080016 32
004194080016 32
091204128024 32
035102080024 32
126003128016 30
100185080016 30
099224128016 30
140251128016 30
140227128016 30
145009128016 30
140137128024 30
238131128024 30
127130128024 30
101191080016 30
047219128024 30
178162080016 30
164032128016 30
091055080016 30
244169128024 30
116143128016 30
218240128016 30
088171080024 30
250132080016 30
141130080024 30
199155128024 30
057146128016 30
031015128024 30
103069128016 30
140214128024 30
213087080016 30
225139080016 30
162101128016 30
223083128016 30
005208080016 30
148123128024 30
036055080016 30
196187080016 30
215077128016 30
088084128016 30
253137128016 30
066111080024 30
096080080024 28
238236080016 28
241061080016 28
182157128016 28
195034128016 28
232022128016 28
068152128016 28
247181080024 28
150007128016 28
141149080024 28
075094128016 28
217191128016 28
194199080016 28
230097080016 28
225037080024 28
178216128016 28
220102080024 28
180224080016 28
058110128024 28
127203080016 28
081064080016 28
243042080016 28
102194080016 28
115083128016 28
082234080016 28
131112128016 28
178115128016 28
159102080024 28
155097128016 28
018146080016 28
222166128016 28
127254128016 28
164048128016 28
041247128016 28
110183080016 28
055235128016 28
080250128024 28
224089128016 28
074155080016 28
156147128016 28
189060128016 28
214084080016 28
144208128016 28
251008080024 25
079162128016 25
047052128024 25
174195128024 25
245115128016 25
201171080016 25
074104128024 25
189088080016 25
091112128024 25
105022128024 25
063144128024 25
051011080024 25
155079080016 25
215010080016 25
077250080016 25
003020080016 25
002180128024 25
128043080016 25
102024128016 25
051154128024 25
136149128024 25
121196128016 25
128246128016 25
193059128016 25
079066080016 25
206097128016 25
130027080024 25
163128128016 25
231004128024 25
230088080016 25
156224128016 25
107102080016 25
016021128016 25
093092128024 25
062197128024 25
082222128016 25
001222080024 25
131114080016 25
158152128016 25
187037128024 25
255080128024 25
186086080016 23
084028128016 23
202070128016 23
122232128016 23
047206128016 23
178095080016 23
173033128016 23
057174080016 23
028199080016 23
237052128016 23
089145128016 23
225029128016 23
070160128024 23
153015128024 23
092239128016 23
153000080016 23
038196128016 23
133031128016 23
143250128024 23
218146128016 23
053233080016 23
128163128024 23
077218128016 23
187059128016 23
184189080016 23
154084080016 23
080093128016 23
239020128016 23
184043128024 23
184049128016 23
121172128024 23
199006128016 23
241213128016 23
046254128024 23
020210080016 23
101190080016 23
086074128016 21
170065128024 21
168156128024 21
191167128016 21
203058128016 21
219080128024 21
003071128016 21
091171128024 21
135040128024 21
010224128016 21
069083128016 21
055146128024 21
083125128024 21
035174128016 21
181072128016 21
001229128016 21
160044128024 21
011217128024 21
043099128016 21
214120128016 21
117008080016 21
156184080016 21
254080128016 21
189245080024 21
030107128016 21
212088128016 21
089152080016 21
088046128024 21
151210080016 21
204058080016 21
176216128016 21
129192128016 21
135147080016 21
225018128016 21
050217128016 21
065144080024 21
174158128024 21
206166128024 21
111109080016 19
116054128016 19
253161080016 19
044211160018 19
143153080016 19
065149080016 19
210122128024 19
 2