000000080002 69583
000000128016 62156
000000080016 55154
000000128024 43325
000000080024 39246
000000080004 18720
000000128002 14975
002246128016 12125
000000000000 11845
175050080016 11779
065250128016 11672
000000160002 11490
000000160018 9884
000000128017 9808
122110128016 9233
061199128016 8894
094117128016 8852
188139128016 8639
219041128016 8234
176126128016 7595
073208080016 7316
000000080017 6546
100216128016 6152
050232128016 6147
199136128016 6095
173064128016 6071
069164128016 6037
160038080016 5428
102215128016 5353
090036128016 5169
036150128016 4984
000000096002 4974
239160080016 4915
124254128016 4821
056218128016 4517
054179128016 4502
030096128016 4482
148210128016 4425
133104128016 4240
134049128016 4053
159170128016 3936
000000128018 3872
203015128016 3804
196026080016 3717
144176080016 3697
000000176016 3611
074138080016 3591
178199128016 3580
035241128016 3504
056143128016 3301
193227080024 3219
204049128016 3210
136155128016 3203
068131128016 3197
170232128016 3197
127006128016 3152
075188080016 3101
000000112018 3099
079241128016 3080
148085128016 3006
130227128016 2992
214048128016 2991
208214080024 2937
102072128016 2934
011007128016 2869
163002128016 2866
111151128016 2861
000000112002 2845
000000128194 2833
072031128016 2810
009016128016 2805
041046128016 2767
084205128016 2761
040195080016 2755
205157128016 2754
037059128016 2748
231198080016 2729
158133128016 2672
162230128016 2653
000000080020 2642
243155128016 2626
161148128016 2562
178178080016 2557
218109128016 2555
069103080016 2552
008018128016 2533
168039080016 2533
002043080016 2521
079121128016 2519
127188128016 2500
205118128016 2500
233021128016 2482
097173080016 2474
152206128016 2464
062011080016 2462
020042080016 2458
174021080016 2457
209196128016 2381
053068128016 2365
251181080016 2363
089121128016 2341
237084080016 2335
064024080016 2322
175067128016 2307
250179080016 2287
017236080016 2273
025250080016 2264
207000128016 2244
226155080016 2236
000000240016 2228
138036080016 2160
062041080016 2160
065169080016 2127
102157128016 2118
010031080016 2078
132097128016 2077
108215080016 2067
002151080016 2057
250081128016 2050
150127128016 2050
247216128016 2048
039236080016 2044
000000208016 2036
136053128016 2035
135175080016 2031
125051080016 2024
013245080016 2019
029052128016 1996
069223080016 1987
148126128016 1971
064147128016 1956
165134080016 1952
029022080016 1947
015112128016 1940
220144128016 1922
095058128016 1921
224053128016 1912
095210080016 1909
128248128016 1906
124209080016 1904
000000080025 1903
211242128016 1903
102130128016 1892
037031128016 1880
191069080016 1877
181061080016 1869
016112128016 1857
017088080016 1854
238245128016 1835
006236080016 1835
051119080016 1809
216040128016 1802
013231128016 1800
130106128016 1796
231141128016 1793
121039128016 1792
106110080016 1791
050094128016 1790
140147080016 1769
026036080016 1766
156218128016 1759
015071128016 1758
135231080016 1752
021080080016 1748
095168128016 1744
023204128016 1744
241127128016 1731
059223080016 1722
200177080016 1717
176009080016 1716
161238128016 1715
109210128016 1714
068120080016 1709
251167128016 1698
196094080016 1689
188122128016 1689
114221080016 1689
050177128016 1685
158032128016 1666
031133128016 1660
128083128016 1656
030230128016 1655
200171128016 1650
046179128016 1649
162052128016 1644
191235128016 1636
185132080016 1635
054155128016 1627
025172128016 1626
120061128016 1619
070166128016 1616
146249128016 1612
166197128016 1610
178251128016 1604
155125128016 1600
201176128016 1598
074107128016 1595
214212080016 1593
086057128016 1590
156230128016 1587
047083128016 1585
085029080016 1584
154105128016 1582
035123080016 1582
152095128016 1577
222238128016 1571
000000176002 1569
136208128016 1568
136065128016 1567
183234080016 1565
056056128016 1564
140079128016 1560
000004128016 1556
160081128016 1555
041098128016 1553
068132128016 1552
182166128016 1551
119100128016 1551
102150080016 1547
245213128016 1547
141018128016 1546
176030080016 1544
148225128016 1543
157237080024 1542
080039128016 1542
210002128016 1539
110036080016 1538
061238128016 1533
018034080024 1532
120145128016 1529
145136128016 1527
250069128016 1521
108160128016 1520
031015128016 1520
030040128016 1515
253061128016 1513
146158128016 1512
155076128016 1509
096111128016 1508
124204128016 1506
033140128016 1504
096204080016 1503
080082128016 1501
118112128016 1497
151017128016 1496
207159128016 1495
023044128016 1491
036132080016 1490
032091128016 1487
238199128016 1481
070150128016 1480
142011128016 1479
074104128016 1477
104161080016 1477
099063128016 1475
050114128016 1474
239038128016 1471
062244128016 1470
098019128016 1470
037222128016 1469
152135128016 1467
167126128016 1467
234167128016 1466
094042128016 1465
164007128016 1464
107108128016 1461
146096080016 1459
160021128016 1458
112114128016 1457
141213128016 1453
007028128016 1451
061058128016 1450
015053128016 1450
169217128016 1447
121159128016 1446
144044128016 1445
152242128016 1445
069225128016 1444
109019128016 1442
116062128016 1439
213196128016 1439
127133128016 1439
177193080016 1439
055238080016 1436
193177128016 1435
062004080016 1434
212033128016 1433
141216128016 1432
047082128016 1430
056198128016 1428
041145080016 1424
171171080016 1422
009220128016 1421
176131128016 1419
105215128016 1417
123035080016 1412
026082128016 1411
140221128016 1409
223208128016 1408
163213128016 1403
107151080016 1402
143176128016 1396
053017128016 1396
159059128016 1394
135235128016 1389
029032128016 1385
243128128016 1385
076232080016 1384
121207128016 1384
187206128016 1382
098007128016 1377
191130128016 1377
094078128016 1375
219002128016 1371
193036128016 1370
047121080016 1365
180119128016 1364
115242128016 1364
199084080016 1360
224060080016 1358
044233128016 1357
104203128016 1355
125095128016 1353
033036128016 1353
232082128016 1353
172061128016 1352
061009080016 1350
038221128016 1350
013143128016 1350
126131128016 1350
166057128016 1349
197054128016 1349
094008128016 1349
067042128016 1348
131055128016 1346
035112128016 1345
029126128016 1343
252162128016 1341
143249128016 1340
161249128016 1340
177200128016 1340
128177128016 1340
066118128016 1339
023176128016 1336
024152128016 1335
178034128016 1334
138135128016 1334
243055128016 1329
087241128016 1328
191060080016 1325
036049080016 1323
213250128016 1321
017156128016 1320
053173080016 1320
012245080016 1317
144149128016 1313
141199128016 1313
128173080016 1312
034174128016 1311
010032128016 1311
071244128016 1310
064190128016 1309
129091128016 1308
099239128016 1305
067119080016 1303
028106128016 1301
062234080016 1299
175125128016 1298
230105128016 1296
108162128016 1295
225016080016 1295
224193080016 1295
002187128016 1294
137229128016 1294
057069128016 1293
053055128016 1292
019245080024 1290
150047128016 1290
103060128016 1290
061128128016 1289
158001128016 1289
249023128016 1288
113104128016 1287
101113128016 1280
156122128016 1278
229233128016 1277
058132128016 1277
214066128016 1276
148159128016 1276
095117128016 1275
046146080016 1275
250222128016 1273
141207080024 1273
049226128016 1272
039059128016 1271
119197128016 1271
153213128016 1270
042152128016 1267
034208128016 1267
247094128016 1263
064042128016 1263
010240080016 1262
016196128016 1262
061255128016 1260
019014080016 1260
181081128016 1259
042060080016 1258
159125128016 1256
105044128016 1256
219017128016 1255
046212128016 1253
097186080024 1253
041009128016 1253
135028128016 1252
250238080016 1250
000000128025 1248
254174128016 1248
169169128016 1248
092032128016 1246
040165128016 1245
152045128016 1244
134244128016 1244
160255128016 1242
089129128016 1239
185005128016 1239
129223128016 1238
244134128016 1238
201219128016 1233
182178128016 1233
144249128016 1231
018104080016 1229
047029080024 1229
005185128016 1228
011171128016 1228
023141128016 1221
042048080016 1220
095069128016 1219
050146128016 1218
193139080016 1218
226094080016 1216
115184128016 1214
053165128016 1213
236155080016 1211
074060080016 1210
201232128016 1208
051096080016 1207
174027128016 1205
237048128016 1205
136130128016 1205
082249128016 1205
157105080016 1203
122233128016 1203
126082080016 1202
015232128016 1202
156217128016 1201
235160128016 1200
140229128016 1199
052012128016 1197
042160128016 1196
183140128016 1195
176104128016 1195
039187128016 1193
155152128016 1193
157208080016 1188
101243128016 1181
250000128016 1179
056015128016 1179
168166128016 1179
024228080016 1178
175115080016 1173
237016128016 1173
144078080016 1169
125090128016 1169
169149128016 1168
143222128016 1165
101002128016 1164
172024128016 1164
030199128016 1163
120024128016 1162
029012128016 1162
129130128016 1162
008079080016 1161
065011128016 1160
037145128016 1157
132179128016 1157
049164080016 1157
204016128016 1156
160218128016 1156
009161128016 1155
126209128016 1155
043132128016 1154
062197128016 1154
097050128016 1153
114188128016 1151
175234080016 1151
088206080016 1145
064248128016 1144
252227128016 1144
149087128016 1143
121117128016 1140
250111128016 1140
119195080016 1139
011009128016 1136
237233128016 1134
245059128016 1133
111191128016 1133
114127128016 1132
200056128016 1131
012235080016 1129
134083128016 1124
069141080016 1124
107206128016 1121
198044128016 1116
181089128016 1114
085071128016 1112
012011128016 1112
144091128016 1110
253155128016 1109
042061080016 1108
077167128016 1107
000095128016 1107
226121128016 1106
206045128016 1105
028061080016 1105
056064128016 1104
173109128016 1104
103236128016 1103
156226128016 1100
239001128016 1099
046254128016 1098
027203128016 1098
000000096018 1096
105148080016 1096
116015128016 1094
196223128016 1093
054204128016 1092
004069128016 1090
051010128016 1086
074050128016 1079
067127080016 1077
199207128016 1074
188081128016 1072
152112128016 1072
248166080016 1071
243253080016 1068
007061128016 1067
120191128016 1064
052243128016 1062
037190080016 1062
132201128016 1062
115219080016 1059
242084128016 1056
038123128016 1054
218021128016 1051
130094128016 1051
029221128016 1048
064229080016 1046
135001128016 1046
158081128016 1043
054091128016 1042
103149080016 1042
243219080016 1042
008066128016 1042
211194080016 1041
038227128016 1037
036205080016 1037
079087080016 1036
072012128016 1035
251164080016 1033
166040128016 1027
103090128016 1027
005159128016 1027
076166128016 1027
023106080016 1025
053117128016 1025
237241080016 1025
082011128016 1023
086171128016 1020
029161128016 1019
185006128016 1018
083128128016 1018
102216080016 1017
126178128016 1017
062234080024 1013
161018128016 1010
081141128016 1007
025166080016 1003
035021128016 996
191121128016 996
241113128016 995
183101128016 995
213025128016 993
165021128016 993
144062128016 992
014095080016 987
116190080016 985
082211128016 982
187218080016 980
186177128016 976
144248128016 972
001240080016 969
194068128016 968
113131128016 967
113220080016 963
102059128016 960
249084080016 960
106157080016 959
120041128016 957
030244080016 956
029129128016 956
123089080016 949
196049128016 948
112217128016 947
205196080016 947
045079128016 944
197036128016 944
113073128016 944
000005080016 940
163119128016 940
068254080016 939
112071128016 938
210122128016 936
174188128016 935
236218128016 931
110021128016 931
050056128016 931
084209128016 931
210229080016 930
163228128016 929
161102080016 928
103252128016 927
067225128016 924
078065128016 924
058231128016 923
249229080016 922
119210128016 922
063013080016 918
253168128016 918
038101128016 913
099185128016 908
217099128016 905
087217080016 905
180035128016 904
008089128016 904
023020080016 903
070209128016 903
180152080016 903
041252128016 900
009098128016 897
154012080016 897
180093128016 894
094129080016 893
076004080016 892
192039128016 891
163244128016 891
042039128016 891
024121080016 889
038163128016 888
143231080016 887
068177080016 883
018150080016 882
183222080016 877
045089128016 877
018113128016 874
080178080016 873
156044080016 872
243115080024 871
250171080016 867
206019080016 867
128218128016 864
023037128016 863
100004128016 863
155048080016 862
137160128016 861
199053080016 857
021005128016 856
220036128016 856
131129080016 851
057204128016 850
026078080016 850
246026128016 849
234083128016 843
028188128016 839
108139128016 838
053129080016 838
254045128016 837
022045080016 835
223086128016 834
064220128016 833
077188080016 833
219045128016 828
092133128016 827
251057080016 826
130149128016 825
020238128016 824
214197080016 822
014099128016 822
099080080016 821
209030080016 820
022151128016 815
185138128016 815
134146128016 811
129180080016 811
209173080024 809
124136128016 806
002135080016 803
061075128016 803
040089080016 802
052061080016 801
162038080016 799
149103080016 799
102099080016 798
042015128016 798
106073080024 797
028158128016 796
019160128016 794
088029128016 794
077048080016 791
036215080016 789
043207128016 789
194238080016 785
026099128016 784
215110128016 784
006081128016 778
217014128016 776
243241080016 776
247246128016 774
154009080016 773
194244080016 772
073067080016 768
070177080016 768
060097128016 767
213016080016 767
241151128016 766
117229128016 765
019249128016 765
231130128016 765
035125080016 764
022061128016 764
185120128016 763
111255128016 762
177058080016 758
056246080016 758
102226128016 757
130090128016 757
208016080016 753
009058080016 753
138169128016 752
153159128016 750
032245128016 750
203123128016 749
108019080016 748
163076128016 748
021197128016 746
188242128016 746
078247128016 745
108085080016 744
147108128016 742
097068128016 741
085039128016 741
057205080016 740
200094080016 738
084233080016 738
231110128016 734
190050128016 734
137088080016 732
171018080016 730
018086128016 729
059050128016 722
055057080016 721
113247128016 720
019126080016 717
131147128016 716
156171128016 715
207016128016 714
091210128016 712
083182080016 706
192249128016 705
214125080016 704
110199128016 702
013133080016 702
117072080016 702
232197128016 701
159038080016 701
024151128016 701
097141128016 700
238169080016 698
091038128016 698
126243080016 697
129232128016 697
063059128016 697
103219080016 697
148059128016 695
023035128016 694
014048080016 693
131000128016 692
219231080016 690
176192128016 689
251237080016 689
208248080016 689
079015080016 688
086195128016 687
173044128016 687
245014080016 686
090200080016 684
010102128016 682
153114128016 681
105110128016 681
171138080016 680
162208128016 679
164253128016 679
168219080016 678
054210128016 677
249057128016 677
086175080016 675
085134128016 672
033076128016 672
209173080016 672
157118128016 669
121102080016 669
236199128016 669
072036128016 669
102229080016 668
243019128016 666
135203080016 666
187182128016 665
139097080016 665
168172080016 665
181115128016 664
007142080016 663
143244128016 660
152249128016 660
053201128016 659
135112080016 657
122078080016 657
197007128016 655
149141128016 653
002003080016 653
026173128016 652
077171128016 651
173253128016 650
205127080016 649
200143128016 648
110198080016 644
251079128016 643
114213080016 642
161240128016 641
181080128016 641
019125128016 639
086108080016 638
106162128016 638
151112128016 637
230145128016 636
155116128016 635
193021128016 635
073011128016 633
079093128016 632
149110128016 632
019149080016 632
222168080016 629
124098128016 629
129138080016 626
219176080016 626
021238080016 626
207198080016 626
022156128016 621
103187128016 620
234144128016 619
035120128016 615
160241128016 614
213087128016 613
030144080016 612
156018080016 612
176037128016 611
226228128016 610
085016128016 610
135063128016 610
225199080016 609
009010128016 609
103087128016 609
097024080016 607
087041128016 607
133222128016 607
027089080016 605
056120080016 604
095076128016 601
116155128016 601
076224128016 601
122067128016 597
096235128016 597
079240080016 596
118106128016 596
119188128016 596
254140080016 594
227210128016 593
103022128016 593
021070080016 592
123011128016 591
245073080016 591
072018080016 591
224101080016 591
080041080016 590
235231128016 589
160023128016 586
038167128016 586
081150080016 586
157061128016 585
166179080016 584
214202080016 584
109068128016 581
243196080016 580
060096080016 580
006243080016 580
076109080016 578
225073080016 577
012097128016 573
012250128016 573
036121080016 573
078020080016 572
215084128016 572
249032128016 571
116103080016 570
242134128016 570
062251128016 570
142107080016 569
194230128016 569
221066080016 566
082052080016 566
217018080016 566
210071128016 566
005088128016 566
164094128016 565
144149080016 565
219158080016 564
134233128016 560
163009128016 560
040098128016 559
015176128016 558
171235080016 558
116042128016 557
165194080016 557
247027080016 556
044131080016 555
151185128016 555
134188128016 554
245194128016 553
072082080016 551
245094128016 549
137008128016 549
045023128016 548
035160128016 548
003052080016 547
026168080016 545
143097128016 545
123054080016 543
114096080016 543
035241128024 543
054074128016 542
135253128016 541
228066080016 541
157135128016 540
191010128016 538
007012128016 538
197250080016 538
174021080024 537
211222080016 537
128085080024 537
069174128016 536
164068128016 536
157126128016 535
163174128016 535
127137080016 535
186068080016 534
120126080016 534
038139128016 534
255253080016 534
191064128016 534
094159128016 533
202035128016 531
055108128016 531
118009128016 530
017233128016 530
127081128016 530
247199080016 529
077180128016 528
107242128016 527
211194080024 527
147026128016 526
142160128016 526
014170128016 524
032106080016 523
124255080016 523
166131128016 522
139178128016 522
112244080016 522
017086128016 521
138205128016 521
203015128024 520
094036080016 519
153187128016 518
249072080016 518
070110128016 517
205163128016 517
236209128016 516
251035128016 516
129233080016 515
080083128016 515
010122128016 515
044204080016 514
151213128016 513
225027128016 513
237029080016 513
220051128024 511
020155080016 511
169128080016 511
114218080016 511
244196080016 509
197180128016 507
106045080016 507
158212128016 507
065081080016 506
026103128016 506
156062080016 504
109188080016 503
202037080016 502
254222128024 502
243231080016 502
117093080016 502
094026128016 499
030022080016 498
249056128016 498
214214080016 498
085245128016 497
163101128016 496
168194128016 495
235229128016 495
030093080016 495
255067128016 494
104182128016 494
184038128016 494
051095128016 492
198056080016 492
018152128016 491
223136128016 491
075146128016 491
110084080016 489
002120080016 488
136062080016 487
021010128016 485
002164080016 484
121196128016 484
082152080016 484
072043080016 483
128185080016 483
089091128016 482
025124080016 482
099018128016 480
046059080016 479
106157080024 478
158069128016 477
091197128016 477
208102128016 476
065183128016 476
119151080016 476
079057128016 476
024049080016 475
139002080016 475
163189128016 475
137151128016 475
202148080016 475
066020080016 474
037024080016 474
161083080016 474
001132128016 473
162052128024 472
122090080016 471
056139128016 471
109178080016 471
000000160016 468
068028128016 467
137105080016 467
097156080016 467
219228128016 463
082137080016 463
243109128016 462
018066080016 462
173229128016 462
153000128016 460
032153080016 459
121151128016 459
190148080016 458
232214080016 458
177218128016 458
178158128016 457
204074080016 457
169219128016 456
144027128016 454
067167080016 454
116033080016 454
036150128024 454
108152080016 454
012030080016 452
229236080016 452
031209128016 452
107106080016 451
155028128016 451
078051080016 450
139217128016 450
030192128016 449
224223080016 449
003219128016 448
167122080024 448
144070080016 447
107120080016 447
175031128016 447
162045080016 446
113010128016 445
200169080016 445
192134128016 444
072169080016 444
225249080016 444
102191128016 443
069082128016 443
044243128016 442
171039080016 440
112177128016 438
120041128024 437
238156128016 437
077219128016 437
224049128016 436
088117080016 436
188139128024 435
037052080016 435
018150128016 435
050173128016 435
237115128016 435
048109128016 435
045123080016 434
093013128016 434
127130128016 434
067192128016 433
250206128016 432
231047080016 431
079179128016 430
152080128016 429
114185128016 428
060111080016 427
016138128016 427
139092128016 426
166024080016 426
074041080016 426
121098128016 425
243034128016 424
089112128016 424
110229080016 424
161247128016 423
214048128024 423
017100128016 423
244136080016 422
204191128016 422
133224080016 421
143127128016 421
010197128016 420
179031128016 420
203227080016 419
108082128016 419
039221128016 418
120254128016 418
138166128016 417
074006128016 417
226015128016 416
020002128016 416
152010080016 416
156149128016 416
048012080016 415
002250128016 415
224066080016 415
135005128016 415
079157080016 415
071228080016 415
046200128016 415
118088128016 414
216156080016 413
005015080016 413
050104128016 411
047213128016 411
080024128016 409
237051128016 409
160159128016 408
225058080016 408
010110080016 407
067179128016 407
025187128016 406
196187080016 406
143161128016 406
207252080016 406
118103080016 406
250025128016 406
236190128016 406
055076080016 406
218243128016 404
052168128016 404
112084128016 404
177091128016 404
084104128016 403
011057128016 403
162221128016 403
220147080016 402
191220128016 402
048153080024 401
002228128016 401
255090080016 400
111230080016 400
229045128016 399
078253128016 397
137221080016 397
194143080016 396
166145128016 396
119085080016 396
102098080016 396
206189128016 395
077117128016 395
194163128016 395
176235128016 395
145228080016 394
203004080016 394
153177128016 394
225206128016 394
195008128016 393
169097080016 393
074139080016 393
102008080016 393
042053080016 392
037086128016 392
128196080016 392
174145128016 391
187146128016 391
053079128016 391
084094128016 391
169119080016 390
119204128016 390
079221128016 390
147203128016 387
023089080016 386
027044080016 386
022201080016 385
240170128016 385
165027128016 384
229121128016 381
018047080024 381
213242080016 380
209201080016 380
173018128016 380
055240128016 379
011233128016 378
002246128024 378
032136080016 378
080118080016 378
110227128016 378
190050080016 377
081201080016 376
108125080016 376
034100128016 376
178242080016 376
037179128016 376
218160128016 376
070080080016 376
065026128016 374
046063128016 374
126047080016 374
108176080016 374
222124080016 373
028213080016 373
112026080016 373
208244128024 373
009102128016 373
100059128016 372
066239128016 372
081108128016 372
108147080016 371
096100128016 370
181109080016 369
231020128016 369
215185080016 368
138187080016 368
026153128016 367
059192080016 366
176072128016 366
058237128016 366
057029080016 366
215099128016 366
181035128016 366
106128080016 365
198119128024 365
093017128016 364
060161128016 364
099031128016 364
130019080016 364
062017080016 364
241002128016 364
149019080016 363
125136080016 363
051156080016 362
143185128016 362
178000128016 361
055119080016 361
032051128016 361
182050128016 361
097255080016 359
049141128016 358
039145080016 358
149194128016 357
240160128016 357
176151080016 356
180094128016 356
080250128016 356
157105128024 356
062213080016 356
043227128016 355
065186128016 355
049146128016 355
032004080016 354
204192080016 353
032240128016 353
141031128024 351
225037080016 351
031057080016 350
237029080024 350
179106128016 349
191221128016 348
041078128016 348
235051128024 348
098108128016 348
162005128016 347
167080080016 347
250159080016 347
078206128016 347
042122128016 347
226159080016 347
030065080016 347
021049128016 347
030212128016 347
026241080016 347
130133080016 347
160250080016 347
181184080016 347
108046080016 347
117055080016 347
156078080016 347
113101080016 347
194120128016 347
186199128016 347
207133128016 346
002086080016 346
055237080016 346
205010080016 345
099052080016 345
117063128016 344
225240128016 343
148126128024 343
231172080016 343
138073128016 343
047074128016 342
135184080016 342
084124080016 342
012089080016 342
103185080016 341
134077080016 341
179234128016 324
233147128016 324
107051128016 324
164126128016 324
073008128024 324
161125128016 324
177041128016 324
178060128016 324
159189080016 324
065228128016 324
167229080016 324
122078080024 324
162056080016 324
236142128016 324
079191080024 324
087113128016 324
130074128016 324
051236080016 324
156023080016 324
167095128016 324
187022080016 324
238129128016 324
166035080016 324
166141128016 324
152010128016 324
081245080016 324
167048080016 304
206000128024 304
189075128016 304
164242128016 304
001094128016 304
015153080024 304
098173080016 304
110246128016 304
050143080016 304
253163128016 304
047221128016 304
108044128016 304
203012128024 304
105122128016 304
217166080016 304
141024080016 304
031152080016 304
094059128016 304
123104080016 304
098083080016 304
029002128016 304
000000224016 304
122049080016 304
120079080016 304
054195128016 304
167248080016 304
173123128016 287
119043080016 287
163009128024 287
226115080016 287
188169080016 287
115017128016 287
164180080016 287
075176128016 287
087017080016 287
177196128016 287
158098080016 287
236230128016 287
248164128016 287
126088080016 287
244037128016 287
223162080016 287
143154128016 287
171018080024 287
191081128016 287
065079128016 287
057087128016 287
053161080016 287
196105128016 287
039133128016 287
098146128016 272
125119080016 272
174140128016 272
055231128024 272
013156080016 272
199220128016 272
120161128016 272
225110128016 272
133250128024 272
155018080016 272
032005080016 272
170008080016 272
029177128016 272
222035128016 272
106100080016 272
083036128016 272
025167080016 272
094244128016 272
208061080024 272
226185128016 272
236086128016 272
036015080016 272
121225080016 272
195144128016 272
080203080016 272
058224080016 272
036086128016 272
069239080016 272
103251128016 272
166179080024 272
071049080016 272
138101128024 259
088227080016 259
198069128024 259
113106080016 259
033032128016 259
022045080024 259
051212128016 259
221002128016 259
068101080016 259
246227128016 259
012190128016 259
029024128016 259
030054128016 259
242032128016 259
063175080016 259
049164080024 259
073204128016 259
102183128016 259
023020080024 259
083223080016 259
144169128016 259
122041128016 259
065098128016 259
044255080016 246
061171080016 246
202082080016 246
127092080016 246
048231080016 246
157141128016 246
160121128016 246
247034080016 246
118103080024 246
012084128016 246
231251080016 246
108006080016 246
237107128016 246
217168080016 246
118132080016 246
177165080024 246
225180080016 246
032164128016 246
168073128024 246
183042080016 246
125151128016 246
053068128024 246
207000128024 246
132191128016 246
159242080016 246
070169080016 246
029158080016 246
040040080024 246
099002080016 235
034189128016 235
185015128016 235
185037080016 235
137212080016 235
066248128016 235
051213128016 235
202246128016 235
222248128024 235
091138080016 235
043247128024 235
117095080016 235
245003080016 235
147238128016 235
226073080016 235
101075080016 235
082055128016 235
233055080016 225
087152128024 225
201131128016 225
237152128016 225
010162128016 225
002177080016 225
108020128016 225
227008080016 225
252059128016 225
079255080016 225
151105080016 225
083140080016 225
246222128024 225
115210128016 225
042046080016 225
043050128016 225
015041128016 225
033086080016 225
101001080016 225
075169128016 225
172000128016 225
185255128016 225
126045080016 225
115030080024 216
155119128016 216
102095080016 216
173086080016 216
067110080024 216
062190128016 216
143250128016 216
115132128024 216
035154128016 216
059069128016 216
042052080016 216
027025128016 216
130174080024 216
054175080016 216
230004080016 216
002017128016 216
187172128016 216
075232080016 216
124205080016 216
203041080016 216
031057128016 216
006166128016 216
209249080016 207
016149080016 207
132220128024 207
040068080016 207
023021128016 207
007088080016 207
015095080016 207
234077080016 207
072252080016 207
227224080016 207
226028080016 207
125135128016 207
148234128016 207
218043128016 207
180016128016 207
167150080024 207
142107080024 207
016159080016 198
063165128016 198
241143128016 198
218067080016 198
005008080016 198
155121128016 198
233025080016 198
167070128016 198
162213080016 198
006129128016 198
188254080016 198
167008080016 198
227220128016 198
232155080016 198
171231128016 198
042089080016 198
134208080016 198
096229080016 198
243251080016 198
204242128024 198
058051080016 198
127080128016 198
029171080016 198
053003128016 198
167213080016 191
182196128016 191
046063128024 191
171022080016 191
043036080016 191
252134128016 191
103041128016 191
126082080024 191
187196128016 191
197165080016 191
034056128016 191
225165080016 191
124044128016 191
019247128016 191
024225080016 191
148006128024 191
203013080016 191
126089080016 191
069073128016 183
035057128024 183
073168080016 183
078198080016 183
206244128016 183
124203128016 183
140212128016 183
058072080016 183
214066128024 183
062062128016 183
004237080016 183
102039080016 183
192111128016 183
163184080016 183
229060128016 183
205175080016 183
098240128016 183
149180128016 176
000144080016 176
013155080016 176
036081128016 176
044048128016 176
100165080016 176
235094128016 176
014187128016 176
101061128016 176
047108080016 170
093110080016 170
230224080016 170
091135128016 170
226223080024 170
169169128024 170
049207080016 170
028099080024 170
084091128016 170
224115080016 170
116190080024 170
006017128016 170
166115128016 170
018141128016 170
170214080016 170
084091128024 170
041079080016 170
250091128024 170
005219128016 170
135190128016 170
084134128016 164
106241080016 164
147164080016 164
038011080016 164
204168128016 164
199136128024 164
233054128016 164
042082128016 164
255052128016 164
105077128016 164
206124128016 164
226159080024 164
036193128016 164
052061080024 164
049083128016 158
088255128016 158
096074080016 158
204155128016 158
216142128016 158
136004128016 158
013190128016 158
012074128016 158
111230080024 158
213111128016 158
125055128016 158
092120128016 158
078046080016 158
131007128016 158
092034080024 158
115000128024 158
124056080016 158
223128128016 158
102157128024 158
049198080024 152
223206128016 152
245090080016 152
215213080024 152
121191080016 152
221193080016 152
234023128016 152
232167080024 152
178208080016 152
047071080016 152
166126128016 152
018036080016 152
246041080016 152
054179128024 152
133104128024 152
107109128024 152
054206128016 152
115064128016 152
017210128016 152
022199128024 152
012054080016 147
037197128024 147
161169128016 147
136113080016 147
082215080016 147
118064128016 147
094025128016 147
175005128024 147
153245128016 147
011190128016 147
004019080016 147
108139128024 141
043091128016 141
240109128016 141
090237128024 141
223216080016 141
160246128016 141
173086080024 141
168211080016 141
022241128016 141
187209128016 141
117097080024 141
100050080016 141
068163128024 141
052250128016 141
227244080016 141
136229128016 141
067058128016 141
123202080016 141
169060080016 141
228228128024 141
144137080016 141
000109080016 141
145128128016 136
182050128024 136
036084128016 136
037197128016 136
050034128016 136
226189128016 136
034014080016 136
061185128016 136
052226128016 136
017192128016 136
224046080016 136
105026080016 136
083229128016 136
082141080016 136
123213080016 136
056119128016 136
016247128016 131
130013080016 131
218218080016 131
046199080016 131
036030080016 131
003192128016 131
213191128016 131
202070128016 131
231075080016 131
137153080016 131
227068080016 131
202010080016 131
135159080016 127
067086080016 127
029098128016 127
007215128016 127
197087128016 127
172252128016 127
202043080016 127
045050080016 127
005023128016 127
126164080016 127
074069080016 122
112186128016 122
101229128016 122
212153128016 122
210254128016 122
122012128016 122
054018080016 122
199137128016 122
229217080016 122
114221128016 118
158080128016 118
003196128016 118
108055128016 118
224137080024 118
219061128024 118
081234128016 118
188084128016 118
110002128016 118
101047128024 118
201219128024 118
165080128016 118
215051080016 118
121236128016 114
095235080016 114
005234080016 114
148201080016 114
163255128016 114
063189128016 114
067139128016 114
124205080024 110
003056080024 110
112206128016 110
114108128016 110
212240080016 110
195184128016 110
093091080016 110
194142128016 110
228054080016 110
021159128016 110
125192128016 110
222015080016 110
225106128016 110
081157080016 110
127023128016 106
218007080016 106
119098080016 106
052172128016 106
115093128024 106
017180080016 106
001007080016 106
143006128024 106
060051128016 106
050232128024 106
102214128016 106
000026128016 106
206125128016 102
255195128016 102
250054128016 102
099224128024 102
196066128016 102
169062128016 102
082186080016 102
190169128016 102
214214080024 102
092095080016 102
185153080024 98
150225080016 98
225139080016 98
005226128024 98
061207128016 98
083132128016 98
186145080016 98
121102080024 98
088120080024 98
079240080024 98
076248080016 98
073094080024 95
053133128024 95
170243080016 95
085088080016 95
185204128016 95
011125080016 95
249035080016 95
115132128016 95
158027080016 95
227131128016 95
099181128016 91
162095128024 91
164064080016 91
138100128016 91
147125128016 91
042147128024 91
066111080016 91
008170128016 91
119011128016 91
143244128024 88
124171080024 88
050196080024 88
251004128016 88
103244128016 88
227093128016 88
043100128016 88
081136080024 88
137142128016 88
000000144018 84
141111128016 84
090170080016 84
210163080016 84
233198128016 81
021127128016 81
079049128016 81
118061080024 81
251227080016 81
126210128016 81
126178128024 81
059128128016 81
223095080024 78
123092080016 78
199129128016 78
120214128016 78
182058128016 78
106170080016 75
193236128016 75
210112128016 75
087225128016 75
029055128016 75
103003080016 75
005165128016 75
138226128016 75
014190128016 75
134075128016 75
015103080016 75
046123128016 72
253245128016 72
072124080016 72
117043080016 72
251106128016 69
212161128016 69
204133128024 69
047010128016 69
140194128024 69
254093080016 69
082062080016 69
238244128016 69
106151128016 69
012013080016 66
025172080024 66
218175128024 66
136227128016 66
181208128016 66
201236128016 66
000246128016 63
163196080016 63
045136128016 63
080015128016 63
133192128016 63
015058080016 63
177060128016 63
232012080016 63
205062080016 63
092124080024 63
034108128016 63
075132128016 63
191157128016 63
070152128024 63
137239128016 61
187174128016 61
017031080016 61
024042128024 61
057210080016 61
014197080016 58
102146080016 58
026255128024 58
056102128016 58
195231128016 58
254192128016 55
116174128016 55
114009080016 55
034236080016 55
249122128024 55
042175080016 55
005053080016 55
133126080016 55
005249080024 55
130126128016 55
153168080016 55
016122080024 53
133027128024 53
005136128024 53
114153128016 53
026187128016 53
199144128016 50
074225128016 50
044142128016 50
032221128016 50
212054128016 48
056123128016 48
034188128024 48
065197128016 48
103143080016 48
157239128024 45
064146128024 45
051059128016 43
137238080016 43
078106128024 43
006204128016 40
229218128016 38
001186128024 38
094036080024 38
048197080016 38
162127128016 38
050072128016 36
037199080016 36
070061128016 36
090193080016 36
041017128016 34
225037080024 34
076218128016 34
007124128016 31
115083128016 29
156088080024 29
187167128016 29
202193128016 29
189030128016 29
163128128016 27
195034128016 27
241191080024 27
073222128016 25
091213080016 25
030231128016 23
086032160018 23