000000080002 68204
000000080016 52932
000000128016 52575
000000080024 40342
000000128024 38140
000000128002 15132
000000080004 14925
000000000000 12099
175050080016 12019
065250128016 11763
000000160002 11129
000000128017 10372
061199128016 9854
002246128016 9307
000000160018 9098
219041128016 9035
122110128016 8952
094117128016 8643
050232128016 7841
160038080016 7827
188139128016 7397
073208080016 7157
176126128016 6219
069164128016 6033
000000080017 5883
100216128016 5665
199136128016 5004
148210128016 4883
124254128016 4843
000000096002 4839
102215128016 4835
173064128016 4643
036150128016 4304
000000176016 4101
159170128016 4065
030096128016 3938
239160080016 3914
090036128016 3873
196026080016 3626
000000128018 3515
035241128016 3503
208214080024 3438
148085128016 3410
056218128016 3379
144176080016 3311
054179128016 3201
204049128016 3189
136155128016 3189
203015128016 3166
074138080016 3103
056143128016 3083
000000128194 2995
205157128016 2966
011007128016 2963
170232128016 2940
072031128016 2937
134049128016 2879
163002128016 2861
062011080016 2848
168039080016 2833
133104128016 2808
069103080016 2798
214048128016 2774
002043080016 2753
233021128016 2741
000000112018 2694
008018128016 2691
178199128016 2690
102072128016 2639
000000080020 2604
178178080016 2588
130227128016 2583
041046128016 2583
111151128016 2574
068131128016 2548
079121128016 2520
161148128016 2511
193227080024 2441
158133128016 2437
040195080016 2425
127188128016 2396
175067128016 2365
251181080016 2354
075188080016 2352
009016128016 2347
209196128016 2330
231198080016 2330
243155128016 2322
000000112002 2307
000000240016 2306
053068128016 2257
231141128016 2234
025250080016 2234
162230128016 2222
050094128016 2192
127006128016 2188
056056128016 2169
218109128016 2160
211242128016 2141
085029080016 2130
051119080016 2122
017236080016 2122
136053128016 2122
205118128016 2097
097173080016 2092
000000080025 2091
156218128016 2066
064024080016 2048
124209080016 2021
025172128016 2021
152206128016 2019
021080080016 2005
006236080016 2000
226155080016 1992
135175080016 1988
029022080016 1954
207000128016 1952
023204128016 1947
002151080016 1945
224053128016 1945
010031080016 1944
020042080016 1940
013231128016 1926
037031128016 1925
084205128016 1916
062041080016 1906
108215080016 1880
013245080016 1879
138036080016 1873
222238128016 1869
065169080016 1865
062244128016 1860
216040128016 1839
140147080016 1839
030230128016 1827
237084080016 1806
238245128016 1804
247216128016 1798
165134080016 1794
069223080016 1794
029052128016 1788
128248128016 1774
188122128016 1774
200177080016 1770
106110080016 1769
035123080016 1767
176009080016 1767
015112128016 1764
150127128016 1756
210002128016 1748
064147128016 1742
148126128016 1733
061238128016 1733
185132080016 1725
042060080016 1719
068120080016 1719
201176128016 1718
068132128016 1711
039236080016 1703
148225128016 1698
047229128016 1696
181061080016 1682
015053128016 1676
250081128016 1674
059223080016 1664
191060080016 1663
035112128016 1658
041098128016 1647
191069080016 1647
102157128016 1642
012245080016 1637
135231080016 1626
193036128016 1625
158032128016 1624
000000176002 1624
105215128016 1608
214212080016 1607
200171128016 1606
125051080016 1606
095168128016 1602
161238128016 1599
067042128016 1587
054155128016 1582
187218080016 1581
099063128016 1577
250179080016 1574
099239128016 1560
166197128016 1558
136065128016 1557
079241128016 1554
154105128016 1554
000000208016 1553
160021128016 1548
037059128016 1548
017088080016 1548
119100128016 1544
161249128016 1532
121039128016 1529
162052128016 1529
098007128016 1526
132097128016 1522
152135128016 1519
050146128016 1517
172024128016 1512
115242128016 1510
061255128016 1504
058132128016 1503
120061128016 1501
160081128016 1500
116062128016 1499
177193080016 1497
110036080016 1493
049226128016 1482
017156128016 1481
243128128016 1480
047083128016 1479
024152128016 1473
005185128016 1469
183234080016 1468
070166128016 1468
197054128016 1465
101113128016 1463
146158128016 1459
011171128016 1459
026036080016 1458
141213128016 1457
245213128016 1457
102150080016 1457
031015128016 1452
250069128016 1451
034174128016 1451
174021080016 1445
107108128016 1442
251167128016 1435
177200128016 1433
120145128016 1430
212033128016 1429
074104128016 1429
247094128016 1420
149087128016 1418
070150128016 1417
104161080016 1414
108160128016 1414
046179128016 1413
114188128016 1406
109210128016 1403
152045128016 1403
051096080016 1403
156230128016 1403
015071128016 1398
159059128016 1394
109019128016 1393
171171080016 1390
164007128016 1390
038221128016 1388
166057128016 1384
155076128016 1383
026082128016 1380
145136128016 1380
057069128016 1379
153213128016 1372
053055128016 1367
019245080024 1367
071244128016 1365
213250128016 1365
007028128016 1364
250222128016 1362
096111128016 1355
104203128016 1354
115184128016 1353
182178128016 1348
056198128016 1347
206045128016 1343
086057128016 1343
148159128016 1342
249023128016 1340
062004080016 1337
191235128016 1336
087241128016 1335
224193080016 1335
252162128016 1333
002187128016 1332
002027128016 1331
140079128016 1330
155152128016 1330
191130128016 1330
103236128016 1330
129091128016 1328
253061128016 1326
030040128016 1324
053017128016 1324
061058128016 1321
146249128016 1318
029032128016 1315
033036128016 1315
023141128016 1311
129223128016 1309
141199128016 1308
029012128016 1307
144044128016 1306
182166128016 1305
199084080016 1303
136208128016 1301
156122128016 1301
008079080016 1300
241127128016 1299
213196128016 1297
176030080016 1297
015232128016 1294
032091128016 1294
046212128016 1293
050177128016 1291
107151080016 1290
219002128016 1290
054204128016 1288
224060080016 1288
094042128016 1286
135028128016 1285
169217128016 1283
158001128016 1283
155125128016 1281
097050128016 1281
074107128016 1279
069225128016 1279
066118128016 1278
163213128016 1276
044233128016 1275
157237080024 1272
234167128016 1270
009220128016 1269
036132080016 1269
205196080016 1266
245059128016 1264
034208128016 1263
108162128016 1262
080082128016 1261
018104080016 1260
013143128016 1259
141018128016 1258
065011128016 1256
042061080016 1253
237048128016 1253
121159128016 1247
046146080016 1245
180119128016 1245
245002128016 1243
074060080016 1241
033140128016 1240
169149128016 1237
049164080016 1237
000000128025 1236
028061080016 1236
121207128016 1235
226187128016 1232
235160128016 1231
096204080016 1228
129130128016 1226
114127128016 1225
135235128016 1225
250000128016 1223
158081128016 1223
198044128016 1220
105148080016 1217
023176128016 1217
239038128016 1216
140221128016 1215
173000128016 1215
160218128016 1215
187037128016 1213
113104128016 1211
253155128016 1211
134244128016 1210
144091128016 1209
126131128016 1209
239001128016 1207
031133128016 1207
039059128016 1206
207159128016 1203
094008128016 1198
055238080016 1197
176104128016 1196
143249128016 1194
042160128016 1194
127133128016 1194
010032128016 1194
040165128016 1194
159125128016 1190
196094080016 1189
102216080016 1187
132201128016 1187
232082128016 1187
018034080024 1187
176131128016 1186
175115080016 1186
000095128016 1183
037222128016 1181
238199128016 1181
112114128016 1180
000004128016 1179
143176128016 1175
115219080016 1173
041009128016 1173
181081128016 1173
250111128016 1172
052012128016 1172
243055128016 1170
095117128016 1169
251164080016 1165
193177128016 1164
067119080016 1163
082249128016 1162
039187128016 1160
047029080024 1157
081141128016 1157
061128128016 1157
047121080016 1152
128083128016 1151
029126128016 1150
178251128016 1150
172061128016 1150
076166128016 1149
056064128016 1149
223208128016 1148
028106128016 1146
107206128016 1146
043132128016 1145
143222128016 1143
121117128016 1143
092032128016 1141
214066128016 1138
024228080016 1138
243253080016 1137
023044128016 1135
168166128016 1135
156217128016 1133
089121128016 1133
062234080016 1130
144249128016 1130
230105128016 1128
069141080016 1128
131032128016 1127
057169128016 1127
141216128016 1126
136163128016 1125
118112128016 1122
254174128016 1121
211194080016 1120
138135128016 1118
201219128016 1116
152242128016 1113
144078080016 1111
165021128016 1111
136130128016 1109
116015128016 1108
056015128016 1106
042048080016 1103
179203080016 1102
007061128016 1100
094078128016 1100
200056128016 1099
101002128016 1098
126209128016 1097
050114128016 1093
234083128016 1093
076232080016 1092
178034128016 1092
226121128016 1091
175125128016 1088
174027128016 1087
204016128016 1087
187206128016 1086
064042128016 1083
128173080016 1081
016196128016 1080
128177128016 1076
073093128016 1074
012011128016 1074
053173080016 1073
250238080016 1072
237233128016 1072
009010128016 1068
037190080016 1066
125095128016 1065
244134128016 1064
000005080016 1062
219017128016 1062
124204128016 1060
229233128016 1060
120024128016 1060
151017128016 1059
042152128016 1051
028158128016 1050
246026128016 1050
144062128016 1048
001240080016 1046
137229128016 1046
132179128016 1044
173109128016 1044
144149128016 1041
065084128016 1038
237016128016 1038
249084080016 1035
000000096018 1034
053165128016 1031
111191128016 1031
052243128016 1029
157208080016 1028
190050128016 1026
220036128016 1024
252227128016 1023
175234080016 1023
062197128016 1022
064248128016 1022
134002080016 1021
061009080016 1020
112071128016 1020
077167128016 1019
112217128016 1019
193139080016 1015
098019128016 1015
160255128016 1014
036205080016 1014
105044128016 1012
150047128016 1012
009161128016 1009
226094080016 1008
041145080016 1005
019014080016 1005
153159128016 1004
053117128016 998
095069128016 998
185006128016 994
199207128016 993
126178128016 992
137175128016 990
188081128016 990
152112128016 989
183140128016 988
169169128016 988
064190128016 988
050056128016 987
201232128016 986
083128128016 985
216188080016 984
038123128016 982
248166080016 982
130094128016 978
025166080016 975
062234080024 974
131129080016 974
072012128016 973
141205128016 973
144248128016 972
138132128016 970
142011128016 969
156226128016 966
183101128016 965
191121128016 965
125090128016 963
038101128016 963
157105080016 961
038227128016 952
051010128016 952
029129128016 950
054091128016 949
214197080016 946
174188128016 945
120191128016 942
009058080016 941
047082128016 941
215110128016 940
163228128016 939
104210128016 939
116190080016 938
137160128016 937
163244128016 937
213025128016 937
027203128016 937
134083128016 934
196223128016 925
123035080016 918
119197128016 917
101243128016 915
166040128016 913
242084128016 912
123089080016 910
219045128016 908
243115080024 907
063013080016 904
085071128016 903
225016080016 896
089129128016 894
029221128016 892
088206080016 891
120041128016 890
036215080016 890
135001128016 889
037145128016 887
029161128016 887
250171080016 885
099080080016 885
243219080016 884
046254128016 884
064220128016 883
241113128016 882
042039128016 882
180035128016 880
099185128016 879
070209128016 879
028188128016 879
197036128016 879
014095080016 876
059111128016 875
210229080016 875
141207080024 874
194238080016 874
087217080016 873
086171128016 872
113220080016 872
237241080016 872
130149128016 869
068254080016 867
079087080016 865
194068128016 863
080039128016 862
217018080016 862
180093128016 861
188167080016 859
103149080016 859
082052080016 857
140229128016 856
113131128016 856
038163128016 854
010240080016 853
186177128016 853
023106080016 851
210122128016 846
152249128016 845
056246080016 845
084209128016 845
126082080016 843
076004080016 843
012235080016 842
004069128016 839
092133128016 838
218021128016 836
155048080016 836
154012080016 835
196049128016 835
206019080016 834
079243128024 834
163119128016 834
050041128016 834
024121080016 833
022151128016 832
042083128016 831
249229080016 829
045079128016 829
217099128016 829
026099128016 827
236155080016 825
181089128016 823
156044080016 820
022061128016 819
046042128016 817
077048080016 812
209030080016 809
019126080016 807
113073128016 806
058231128016 806
238169080016 805
021197128016 804
005194128016 803
008089128016 803
106157080016 800
180152080016 800
124136128016 797
023020080016 796
023037128016 796
194244080016 794
199053080016 793
103252128016 792
122233128016 792
063059128016 792
035021128016 792
009098128016 792
020238128016 792
126243080016 791
223086128016 790
030199128016 788
149103080016 778
036049080016 778
077188080016 778
042015128016 776
200094080016 775
061190128016 774
183222080016 768
049164080024 768
091210128016 766
245014080016 765
018086128016 762
173253128016 762
108085080016 761
043207128016 760
100004128016 759
154009080016 759
173044128016 758
153114128016 758
088029128016 757
053129080016 755
251057080016 752
102099080016 752
134146128016 752
057205080016 749
078247128016 746
210071128016 743
082211128016 743
061075128016 743
135063128016 741
068177080016 738
172166128016 738
102059128016 738
035125080016 738
236199128016 736
013133080016 732
134233128016 731
026078080016 730
209173080016 730
254045128016 730
078065128016 728
110021128016 727
177058080016 722
176002128016 722
251237080016 721
231130128016 719
074050128016 718
222168080016 716
121102080016 716
085039128016 715
162038080016 714
243241080016 712
148059128016 710
213016080016 710
253168128016 709
018150080016 708
043231128016 708
022045080016 708
030244080016 707
064229080016 705
135203080024 705
019125128016 702
171018080016 700
094129080016 700
067127080016 698
232197128016 698
119188128016 697
129180080016 697
106073080024 696
245194128016 695
223233080016 694
002135080016 693
084060128016 690
119098128016 690
040089080016 690
080178080016 689
060097128016 687
012097128016 685
108019080016 684
117072080016 683
181115128016 682
191077080016 681
251186128016 680
243019128016 680
021005128016 679
168194128016 678
208016080016 677
161102080016 676
097141128016 675
255253080016 674
117229128016 674
109068128016 672
076109080016 671
059050128016 669
143244128016 669
005134080016 668
231110128016 665
114213080016 664
084233080016 663
204133128016 662
024151128016 662
193021128016 661
019160128016 661
111255128016 660
185120128016 659
215084128016 658
014099128016 658
054210128016 657
010102128016 652
108139128016 651
188242128016 650
137088080016 650
242137128016 650
188085128016 649
121151128016 649
205127080016 648
244196080016 648
203123128016 648
006243080016 648
207198080016 645
149141128016 645
130201080016 644
067225128016 644
003184080016 643
086108080016 642
192249128016 640
102226128016 639
171138080016 639
019149080016 639
225199080016 638
127179080016 636
086195128016 636
135203080016 635
138169128016 633
091038128016 633
062251128016 631
116042128016 631
136146080016 629
086175080016 627
249057128016 627
097068128016 626
176192128016 625
021070080016 623
079015080016 622
099124080016 622
122078080016 622
185138128016 620
151094080016 619
150118128016 618
077125080016 617
026173128016 616
234144128016 616
241151128016 616
069055128016 615
163076128016 613
211194080024 612
129138080016 610
176037128016 610
187182128016 608
208248080016 606
032245128016 604
207016128016 604
095076128016 604
194003128016 602
006108128024 602
022156128016 600
214125080016 599
131147128016 598
124098128016 598
157212128016 597
194230128016 595
166179080016 594
200143128016 593
164253128016 592
157118128016 592
123011128016 592
161018128016 591
236218128016 589
166131128016 586
118106128016 586
161240128016 585
220144128016 585
156171128016 584
072018080016 583
033076128016 580
083182080016 580
090200080016 579
105110128016 578
224101080016 577
110199128016 576
019249128016 576
203017080016 575
014048080016 573
091141128016 571
128218128016 571
139002080016 571
080041080016 570
147108128016 570
095058128016 569
134188128016 569
110084080016 568
156018080016 567
018113128016 566
144149080016 565
151239128016 564
002003080016 562
083055128016 561
028161080016 561
116103080016 560
155116128016 559
149110128016 559
035120128016 558
102229080016 557
151112128016 556
106045080016 555
213087128016 554
116155128016 554
026168080016 553
107054128016 553
067192128016 552
235231128016 552
030144080016 550
099018128016 548
103060128016 548
249032128016 547
171235080016 547
103219080016 546
114221080016 545
045089128016 544
158212128016 543
054074128016 542
251120128016 542
143231080016 540
184038128016 540
081150080016 539
055010080016 538
154066128016 537
053201128016 537
169128080016 537
243109128016 536
190104128016 534
123054080016 534
079093128016 534
174021080024 533
186068080016 533
072036128016 532
017074128016 531
107117080016 530
026087128016 530
113247128016 529
103187128016 525
165194080016 525
000000160016 524
122067128016 524
163009128016 524
192190128016 521
084104128016 521
069174128016 521
068028128016 520
023035128016 520
131000128016 519
097024080016 516
007012128016 516
106162128016 514
023043080016 514
045023128016 514
024119080016 513
156149128016 512
120126080016 512
112244080016 511
161083080016 510
142107080016 510
110198080016 508
228073080016 507
020155080016 507
037024080016 506
032153080016 506
085134128016 506
164094128016 506
247027080016 505
038167128016 505
035080128016 502
135014128024 502
041205080016 502
002120080016 501
032106080016 500
167098128016 500
018152128016 499
114096080016 498
107242128016 497
247246128016 497
245094128016 496
159198128016 496
113010128016 496
164068128016 494
139097080016 494
056120080016 494
198056080016 493
160241128016 492
236043128016 490
091112128016 489
128185080016 488
205163128016 487
151185128016 487
230145128016 487
108152080016 487
056139128016 487
089091128016 486
074041080016 485
077171128016 485
075130128016 484
212071080016 484
035160128016 484
129232128016 484
055108128016 481
078051080016 481
072082080016 480
027089080016 480
244136080016 478
122075080016 476
176072128016 476
249072080016 476
242134128016 475
116033080016 475
147026128016 475
159038080016 472
118103080016 472
002164080016 472
137008128016 472
119210128016 471
075255128016 470
143127128016 470
106157080024 470
240170128016 469
059192080016 469
138205128016 469
221066080016 468
135253128016 468
143097128016 467
001132128016 466
133032128016 465
219231080016 465
104182128016 464
251035128016 464
139217128016 464
044131080016 463
191064128016 463
214202080016 462
041252128016 462
102191128016 461
167151080016 461
203004080016 460
055057080016 460
156062080016 459
168153080016 459
079221128016 459
160249080016 459
077007128016 459
048109128016 458
222155128016 456
174145128016 456
074006128016 456
094159128016 455
042053080016 455
169219128016 454
199090080016 454
180232128016 454
025124080016 454
040098128016 453
137151128016 453
219158080016 452
127137080016 452
157126128016 451
007142080016 451
017086128016 451
026255128016 450
065081080016 450
249056128016 450
077180128016 449
243231080016 448
012250128016 447
014152128016 446
118009128016 445
119228128016 444
080024128016 444
101001080024 444
084094128016 444
093013128016 444
208102128016 443
202148080016 443
110229080016 443
247199080016 442
174117128016 442
036150128024 440
039221128016 439
018150128016 439
211222080016 438
238156128016 438
104084128024 438
243196080016 437
141094128016 437
109188080016 437
130019080016 437
124255080016 436
167150080016 435
014170128016 435
122173080016 434
052084128016 433
197250080016 432
133224080016 432
048012080016 432
137105080016 431
178158128016 431
204074080016 431
218160128016 430
237029080016 430
087114128016 429
107106080016 428
075146128016 428
218224080016 428
194250128016 428
181035128016 427
115064128016 427
078020080016 426
223136128016 426
246227128016 426
179106128016 426
157061128016 425
254140080016 424
069082128016 422
174053080016 421
073067080016 421
177218128016 420
229045128016 419
157135128016 418
070110128016 418
179031128016 417
127081128016 417
153177128016 417
085245128016 416
043066080016 416
225073080016 415
206189128016 415
020002128016 415
047218080016 415
051156080016 414
217073080016 414
242249080016 414
122090080016 414
240160128016 414
082152080016 413
224049128016 413
046027128016 413
175031128016 413
065026128016 413
237115128016 413
166113080016 412
163189128016 412
026026080016 412
121098128016 411
109178080016 411
144070080016 410
229236080016 410
159235128016 410
245003080016 410
006166128016 409
061058080016 409
046063128016 409
116029080016 408
225249080016 408
120254128016 408
091003080016 408
177091128016 407
202037080016 407
053215080016 407
103022128016 407
102008080016 406
058237128016 406
191193080016 406
011233128016 406
207252080016 405
031057080016 405
016138128016 405
079240080016 404
079095128016 404
041078128016 403
088117080016 403
232214080016 402
248094128016 402
065183128016 402
027143128016 401
168128080016 401
139178128016 401
112014080016 400
015176128016 399
197180128016 399
091197128016 399
215185080016 399
200169080016 399
225058080016 398
117093080016 398
146216128016 396
107195080016 396
087113128016 396
155028128016 395
164180080016 395
005015080016 395
106128080016 395
113055080016 394
108046080016 394
162184128016 394
080083128016 394
079137128016 394
079057128016 394
243034128016 394
045123080016 393
010122128016 393
235229128016 393
074070080016 391
046059080016 391
102130128016 390
051219128016 390
169119080016 389
036211128016 389
173229128016 389
218243128016 388
031152080016 388
037052080016 388
093173080016 388
012087080016 388
129233080016 387
180094128016 387
169060080016 387
189138128016 386
153187128016 386
052168128016 385
226194128016 384
138172128016 384
135184080016 384
072169080016 384
225027128016 383
017253080016 383
053079128016 382
108082128016 382
242180128016 382
226015128016 382
027236080016 382
153041128016 382
128081080016 381
229121128016 380
216019080016 380
152010128016 380
215099128016 379
205010080016 379
253062128016 378
224223080016 378
047074128016 378
042122128016 377
107120080016 376
138166128016 375
162052128024 375
021010128016 374
135005128016 373
046200128016 372
037190128016 372
087208080016 372
051095128016 371
030198080016 370
237029080024 369
190050080016 369
178000128016 369
108176080016 369
120041128024 368
098173080016 368
162221128016 366
134077080016 366
152080128016 366
010110080016 366
010197128016 366
070080080016 365
245073080016 364
158097128016 364
037086128016 364
047054080016 364
219228128016 364
032051128016 364
190148080016 364
119151080016 363
159189080016 363
162045080016 363
165027128016 362
043227128016 362
250206128016 362
219106128016 361
137221080016 361
130133080016 360
155050080016 360
111230080016 359
079179128016 359
033253128016 359
144066080016 358
002250128016 358
017233128016 356
077219128016 356
011057128016 355
071228080016 355
169097080016 355
203015128024 354
163046080016 354
025208080016 354
139221128016 354
025167080016 353
162005128016 352
099052080016 352
197007128016 351
208244128024 351
050173128016 351
050104128016 351
047225128016 350
192134128016 350
224107128016 350
018047080024 350
066239128016 350
202002128016 349
139227080016 349
055237080016 349
094026128016 349
096100128016 348
048153080024 347
030022080016 346
110227128016 346
191220128016 346
255203128016 345
032240128016 345
047213128016 345
149194128016 345
032004080016 345
089112128016 344
077117128016 344
114218080016 344
132191128016 344
207133128016 343
236190128016 343
194143080016 343
136092080016 343
125136080016 342
220147080016 341
209201080016 340
222124080016 340
087017080016 340
106073128016 340
138187080016 339
072043080016 339
224066080016 338
108125080016 338
222102080016 338
025187128016 338
037179128016 338
203227080016 338
087041128016 337
167048080016 337
163173080016 337
026153128016 336
059069128016 335
009102128016 335
031209128016 335
133158080016 334
017100128016 334
032136080016 334
195008128016 334
135112080016 334
156023080016 334
022201080016 333
067179128016 333
150068080016 333
152010080016 333
049141128016 333
065186128016 332
143185128016 332
080250128016 331
118077080016 331
040031080016 331
250025128016 331
080118080016 331
142160128016 331
224175080016 330
122049080016 329
201056128016 329
123237128016 328
036015080016 327
103251128016 327
100083080016 327
002175080016 326
124205080016 326
237051128016 326
147203128016 326
012089080016 325
223095080016 325
057088128016 325
113101080016 324
160159128016 324
191010128016 324
053056080016 324
057029080016 324
110161128016 324
002246128024 323
166024080016 323
075047128016 323
108147080016 322
117063128016 322
071049080016 322
013096128016 322
204191128016 322
088035080016 322
248164128016 322
143154128016 321
028118128016 321
187146128016 321
001094128016 321
087152128024 321
238016080016 321
145228080016 320
097156080016 320
074139080016 320
225037080016 320
064050128016 319
163002128024 318
166179080024 317
220119128016 317
102098080016 317
044126128016 317
200088128016 317
187022080016 316
165242080016 316
124094080016 316
182050128016 315
214214080016 314
097255080016 314
112026080016 314
163118080016 313
139092128016 313
003052080016 313
113030080016 312
199143080016 312
128196080016 311
062017080016 310
250159080016 309
103167128016 309
236142128016 308
136102080016 308
039145080016 307
161247128016 307
063012080016 307
041033128016 305
206244128016 305
062213080016 305
119195080016 304
067167080016 304
157105128024 304
179234128016 304
156078080016 303
043133128016 303
138078080016 303
233147128016 303
222035128016 302
232167080016 301
070094080024 300
089081128016 300
242195128016 300
236230128016 300
231047080016 299
002228128016 299
094207080016 298
138073128016 298
160250080016 298
255067128016 297
028213080016 297
126253128016 297
107020128016 296
207246128016 296
117055080016 296
166035080016 295
080209080016 295
167229080016 295
029177128016 293
176151080016 293
108233128016 293
030145080016 293
030212128016 293
120250080016 292
012084128016 291
143161128016 290
117161080016 290
084124080016 290
247034080016 290
221125128016 290
204192080016 288
143250128016 287
082236128016 287
219176080016 287
065228128016 287
055119080016 287
145233080016 287
032131080016 286
125246128016 286
024167080016 286
125019128016 285
089005080016 285
118132080016 284
112084128016 284
069080128016 283
075176128016 283
253109128016 283
218205080016 283
035213128016 283
192039128016 282
177165080024 282
254021080016 282
044243128016 281
148074128016 280
230064128016 280
049146128016 280
102233080016 279
155018080016 278
057087128016 278
197140080016 278
010082080016 277
191076080024 277
098108128016 276
033032128016 276
225206128016 276
065054080016 276
073008128024 275
039133128016 274
000000224016 274
170008080016 273
015187080016 273
107051128016 273
093017128016 272
029137080016 272
217166080016 272
164242128016 272
127130128016 271
189195128016 271
082125128016 270
141149080016 270
135230080016 270
081201080016 270
081245080016 269
223162080016 268
044111080016 268
178242080016 268
149019080016 268
059005080016 267
232090080016 267
167080080016 267
119085080016 266
065079128016 266
041061128024 266
226223080016 266
060227128016 266
053161080016 266
034100128016 265
094059128016 265
199220128016 265
026053080024 265
085238128016 265
226115080016 264
035241128024 264
103185080016 264
126047080016 264
173013080016 263
189075128016 263
120161128016 263
078206128016 263
130074128016 262
055244128016 262
069103128016 262
007009128016 262
125119080016 262
000000176194 261
050143080016 261
091114080016 260
005088128016 260
174140128016 259
140077128016 259
105148080024 259
167095128016 259
150021128016 259
055240128016 258
126088080016 258
167035080016 258
118088128016 258
171018080024 258
009133128016 257
037095128016 257
226159080016 257
060161128016 257
207000128024 256
044255080016 256
114163128016 256
102183128016 256
181184080016 256
079191080024 256
019007080016 254
202082080016 254
167045128016 254
177041128016 253
075054128016 253
227008080016 252
166145128016 252
008056080016 252
138101128024 251
062190128016 250
160121128016 249
155121128016 249
045141080016 249
101001080016 248
079053128016 248
068101080016 248
030065080016 247
039170128016 247
122158128016 247
040040080024 245
216156080016 245
113119128016 245
251136128016 245
030054128016 245
051088080016 243
182167080016 243
094244128016 243
218067080016 243
136062080016 243
231229080016 243
215166128024 243
191081128016 242
203012128024 241
033237128016 241
137038128016 241
142239080016 241
124014080016 241
014107080024 241
140027128024 241
051213128016 241
168073128016 241
119043080016 241
032101080016 241
175103080016 241
121059080016 240
048231080016 240
137212080016 240
227224080016 239
058224080016 238
115210128016 238
127001080016 238
125151128016 238
203198128016 238
134240128016 237
022241128016 237
009111080016 237
158212128024 236
026103128016 236
047221128016 236
169169080016 235
034097080016 235
120079080016 234
007036128016 234
054195128016 234
036086128016 233
183042080016 233
168073128024 232
240016128016 232
225180080016 231
099055128016 231
015041128016 231
163009128024 231
070169080016 231
137094128016 230
176235128016 230
044126128024 230
158098080016 230
115219080024 229
146146080024 229
083223080016 229
148210080016 228
068043128016 228
237107128016 227
104150128016 227
143055128016 227
226073080016 227
083036128016 226
113106080016 226
131203080016 225
242032128016 225
226028080016 225
233179080016 225
160019080016 224
226223080024 224
092077128016 224
177196128016 223
166228080016 223
121225080016 223
194120128016 222
246222128024 222
027154080016 222
195003080024 222
056162128016 221
122041128016 221
185101128016 221
012046128024 221
225240128016 221
116096080016 220
206000128024 220
053068128024 220
012190128016 220
032164128016 220
099002080016 219
203041080016 219
182024128016 219
065098128016 219
135213128016 218
113157080016 218
185015128016 218
208061080024 218
195152128016 217
218205080024 217
042046080016 217
111129080024 217
209249080016 216
049207080016 216
117095080016 216
166141128016 215
103041128016 215
212167128016 215
140103128016 214
108006080016 214
205134080016 213
180016128016 213
019244128016 213
204155128016 213
157141128016 213
052103080016 213
022045080024 213
029002128016 212
023021128016 212
175070080016 212
067110080016 212
051212128016 212
162034128016 211
016149080016 211
008135080016 211
063175080016 211
027025128016 210
025226080016 210
106187080016 210
091138080016 209
226165080016 209
020206080016 209
156176080016 209
218043128016 209
124203128016 208
015221128016 208
225110128016 208
208244128016 208
198069128024 208
123104080016 207
186103080016 207
132220128024 207
118052128016 207
083140080016 207
233055080016 206
108020128016 205
252252080016 205
112134080016 205
123176080016 205
201131128016 205
210065128016 204
040068080016 204
230004080016 204
182066128016 204
023020080024 203
111055128016 203
076007128016 203
043036080016 203
234227080016 203
060002080016 202
057154128016 202
237152128016 201
025167080024 201
237048128024 200
244247080016 200
031057128016 200
058051080016 200
072252080016 200
185037080016 200
191145128016 199
132201080016 198
126045080016 198
118103080024 198
209150080016 197
226159080024 197
127092080016 197
015095080016 197
233025080016 197
035154128016 197
207222080016 196
221160128016 196
167000128016 196
084120128016 196
142064128016 196
198123080016 196
233054128016 196
235079080016 196
075169128016 196
134000128016 196
167213080016 196
052061080016 196
159242080016 196
002086080016 196
071244128024 196
254191080016 196
034097080024 196
092088080016 196
222198128024 196
086088080016 196
090204128016 196
082230128016 196
044047080016 196
029171080016 196
099110128016 196
055242080016 196
021082080024 196
155119128016 196
002177080016 196
114137128016 196
202038080016 195
181211128024 195
225165080016 195
037031128024 195
042147128016 195
110246128016 195
093239080016 195
166030080016 194
142107080024 194
231020128016 194
197154080016 194
234077080016 194
120241080024 194
231251080016 194
216142128016 194
126082080024 193
069143128016 193
248077080016 193
021159128016 192
062065128016 192
210120128016 191
235094128016 191
187196128016 191
229193128016 191
116113080016 191
005008080016 191
196105128016 191
171231128016 191
232188128016 191
024225080016 191
027235128016 190
156245128016 190
033086080016 190
038129080016 190
175113080016 190
013185128016 190
202035128016 190
029158080016 190
115017128016 190
031164080016 189
002017128016 189
166139128016 189
011058128016 189
014187128016 189
214066128024 189
054175080016 189
100229128016 189
061104128016 188
018141128016 188
098083080016 188
141087080016 188
175005128024 188
012054080016 188
213124080016 187
148234128016 187
198168080016 186
100020080016 186
013002080016 186
123114080016 185
144169128016 185
173086080016 185
202246128016 185
213155080016 185
030160080016 185
172005128024 184
061238128024 184
201008080016 184
180062128016 184
196219128016 184
070080080024 184
151105080016 184
158081128024 183
062062128016 183
188132128016 183
021220128016 183
188203128016 183
041135128016 183
061062080016 183
126089080016 183
008146080024 183
115132128024 183
006129128016 182
120136080024 182
167008080016 182
177053128016 182
017015128024 182
053022128024 182
012191128024 182
154227128016 181
233055080024 181
201103128016 181
192111128016 181
135159080016 181
008175128016 181
162067128016 181
123123080016 181
184111080016 180
238129128016 180
167070128016 180
121249080016 180
148006128024 180
061171080016 180
227220128016 180
138021128016 180
000144080016 180
072122128016 179
231030080016 179
091135128016 170
073251080016 170
014107080016 170
042052080016 170
198125128016 170
170214080016 170
178060128016 170
175067128024 170
011190128016 170
156020128024 170
234098080016 170
224115080016 170
063142080016 170
166115128016 170
030239080016 170
073204128016 170
123165080024 170
008211128024 170
157196080016 170
178252128016 170
253000080016 170
148126128024 170
194241128016 170
042089080016 170
040031080024 170
117243080016 170
083206080016 170
232127080016 170
132164080024 170
202043080016 170
076083128016 170
034153128016 170
167122080016 170
160023080016 170
045159080016 170
209092128016 170
102039080016 170
128060128016 170
115064128024 170
054094080016 170
114056128024 170
236247080016 170
121249080024 170
141163128016 170
154028080016 170
032156128016 170
223216080016 170
116190080024 170
172061080016 170
167150080024 170
168172080016 170
132069080016 170
059009080016 170
148144128016 170
234023128016 170
150118080016 170
133021128016 170
120136080016 170
198069128016 170
243134128016 170
122078080024 170
020046128016 170
050096128016 170
075232080016 152
183142128016 152
098240128016 152
160246128016 152
195047128016 152
105026080016 152
198104128016 152
016141128016 152
188254080016 152
195144128016 152
133242128016 152
005219128016 152
217168080016 152
181089128024 152
199173128016 152
098009080016 152
055146128016 152
192053128016 152
188053128016 152
152108080016 152
012177128016 152
011254128016 152
105077128016 152
221251128016 152
124044128016 152
252082128016 152
084134128016 152
193116128016 152
232143080016 152
193229128016 152
035147128016 152
034056128016 152
098146128016 152
184116128016 152
236086128016 152
069105128016 152
036193128016 152
042046080024 152
011188128016 152
223206128016 152
165052128016 152
177122128016 152
010162128016 152
127137080024 152
100235080016 152
010210080024 152
050232128024 152
175237080016 152
012104080016 152
106079080016 152
220176128016 152
108139128024 152
171022080016 152
099177128024 152
163086080016 152
177199128016 152
037209128016 152
073011080024 152
132252128016 152
101061128016 152
019247128016 152
118064128016 152
078204128016 152
249035080016 152
131007128016 152
051236080016 152
065212128016 152
069104128016 152
195176128016 152
092193080016 152
230224080016 152
149180128016 152
226048080016 152
218224080024 152
026241080016 152
130241080016 152
054179128024 152
051050128016 152
229164080016 152
086179128016 138
002000128024 138
185194080016 138
063167128016 138
111230080024 138
015211080016 138
044048128016 138
102214128016 138
087088128024 138
227026128016 138
017052080016 138
100050080016 138
053003128016 138
022199128024 138
133139128016 138
088255128016 138
208081080016 138
122110128024 138
069004080016 138
035057128024 138
135000128016 138
253216128016 138
162208128016 138
126164080016 138
115000128024 138
168211080016 138
064229128016 138
115030080024 138
126089080024 138
061228080016 138
215213080024 138
194083080016 138
167099128016 138
166012128016 138
106155128024 138
133250128016 138
206124128016 138
215119080016 138
072038080024 138
154129128016 138
102205128016 138
213111128016 138
094156080016 138
028137080016 138
196066128016 138
196236080016 138
163184080016 138
059029128016 138
227244080016 138
120162128016 138
093191128016 138
141120128016 138
084091128016 138
076004128024 138
226157080016 138
014218128024 138
204242128024 138
092095080016 138
063189128016 138
004237080016 138
135190128016 138
039015128016 138
224022080016 138
119078080016 138
159071128016 138
048206128016 138
049094080016 138
194030080016 138
086155128016 138
165035080016 138
006202080016 138
038011080016 138
186018128016 138
013063128016 138
218213128016 138
000000176018 138
235041128016 138
136004128016 138
128216128024 138
052020080016 138
212253080024 138
094025128016 138
104038128016 138
102157128024 138
069073128016 138
052250128016 138
141183080016 138
068163128024 138
056119128016 138
184137128016 138
114221128016 126
046147128016 126
136113080016 126
043091128016 126
130013080016 126
041001128024 126
079255080016 126
149082080016 126
021087128024 126
130182128024 126
090129080016 126
102084080016 126
140121128016 126
121191080016 126
226189128016 126
040161128016 126
218218080016 126
164083080024 126
046163128016 126
041079080016 126
234070080016 126
017189128016 126
096145128016 126
137119128016 126
160017080016 126
006017128016 126
203252128016 126
170232128024 126
042082128016 126
116120080016 126
074226080016 126
183030128016 126
159126080016 126
003192128016 126
122012128024 126
160020080024 126
034083080016 126
224030080024 126
088142080016 126
123039080016 126
028099080024 126
213084080016 126
133104128024 126
108055080016 126
099189128016 126
013155080016 126
067139128016 126
177052128016 126
255052128016 126
124056080016 126
034014080016 126
251167128024 126
086181128016 126
206117128016 126
200234128016 126
040055128016 126
061071128016 126
025223080016 126
055201128024 126
021101128024 126
102095080016 126
130146128016 126
073094080016 126
162095128024 126
090036128024 126
174007128016 126
100165080016 126
047071080016 126
123202080016 126
188139128024 126
057029080024 126
046199080016 126
066051128016 126
036030080016 126
206036080016 126
221193080016 126
087118080016 126
121027080024 126
104085080016 126
128185080024 126
050034128016 126
119204128016 126
235107128016 126
214214080024 126
004245128016 126
110002128016 126
029098128016 126
118044128016 126
124082080016 126
180110128016 126
167151080024 126
082209128024 116
164190080024 116
049077080016 116
082125080016 116
182042128016 116
127080128016 116
179245128016 116
231075080016 116
120094080016 116
108055128016 116
133047080016 116
182054128016 116
125065080016 116
092073080016 116
107109128024 116
164126128016 116
017192128016 116
220219128016 116
070239128016 116
188084128016 116
215212080016 116
045050080016 116
162012080016 116
058072080016 116
069196080016 116
152001128016 116
013211080024 116
188131080016 116
162095128016 116
050072080016 116
082208080016 116
068085080016 116
153000128016 116
227068080016 116
078046080016 116
103244080016 116
013090128016 116
061174080210 116
095000080016 116
217075080016 116
022046128016 116
123165080016 116
070049080016 116
083229128016 116
002174128016 116
042073128016 116
191179128016 116
082215080016 116
247144128016 116
215051080016 116
225106128016 116
106244080016 116
110249128016 116
116033080024 116
218098080016 116
114122080016 116
166126128016 116
117254080016 116
140054080016 116
135058128016 116
165215128016 116
107224128024 116
031251128024 116
099129128016 116
063165128016 116
110113128016 116
077194080016 116
054050080016 116
054231128016 108
123092080016 108
240078128016 108
081060080016 108
003056080024 108
219168128016 108
234231080016 108
200229128016 108
169236128016 108
118041128016 108
240080128016 108
199129128024 108
146166080024 108
049142080016 108
045008128016 108
119098080016 108
065067080016 108
160144128016 108
029047128016 108
094117128024 108
124205080024 108
252160080024 108
151217080016 108
079133080016 108
204250080016 108
124171080016 108
229217080016 108
220045128024 108
175093080016 108
061207128016 108
163180080016 108
210194128016 108
130106128016 108
181076128024 108
148201080016 108
021127128016 108
045154128016 108
247227128024 108
112128128016 108
103090080016 108
123213080016 108
009130128016 108
169205080016 108
143006128024 108
199137128016 108
090157128016 108
227210128016 108
054018080016 108
223128128016 108
113102128016 108
229149128016 108
020099080016 108
138226128016 108
180198128016 108
012057128024 108
213191128016 108
169190128016 108
224046080016 108
171100128016 108
115209128024 108
115162128016 108
052061080024 108
205035128016 108
161241080016 108
006081128016 108
159059128024 108
209042128024 108
009090080016 108
012075128016 108
187209128016 108
010203128016 108
033151080024 108
016159080016 108
172058128024 100
129194080024 100
127135128016 100
123061128016 100
174029128016 100
133213080016 100
143192128016 100
115093128024 100
005159128016 100
056120080024 100
233151128016 100
144137080016 100
073094080024 100
093062080016 100
211022128016 100
198119128024 100
200095128016 100
082137080016 100
032099080016 100
090237128024 100
000192128016 100
232090080024 100
055242080024 100
251091128024 100
011045128016 100
005226128024 100
135071128016 100
199136128024 100
162100128016 100
177251128016 100
125192128016 100
230129128016 100
036180080016 100
099063128024 100
242003128016 100
005023128016 100
071097128016 100
047010128024 100
057083080016 100
086157080016 100
163101128016 100
057204128016 100
172000128016 100
101047128024 100
029092128024 100
025179080016 100
053241080024 100
204075080016 100
158080128016 100
133250128024 100
167122080024 100
116150080016 100
001005080016 100
212153128016 100
129179128016 100
168172080024 100
186145080016 100
048235080016 100
007215128016 100
105196080016 100
118019080016 100
051145128016 100
164122128016 100
107071128016 100
129153128016 100
243251080016 100
017180080016 100
138214080016 100
079104128016 100
072243080016 100
097098128016 100
100071080016 100
125004128016 93
112186128016 93
120104080016 93
085236128016 93
223095128016 93
097057128016 93
125188128016 93
131050128016 93
025221080016 93
168235128016 93
048212080016 93
255195128016 93
017210128016 93
039015128024 93
206123128016 93
088120080024 93
190157128016 93
016112128016 93
027234128016 93
115132128016 93
239010128016 93
194130128016 93
133222128016 93
126210128016 93
136227128016 93
046095128016 93
090025080016 93
008135080024 93
001227128016 93
177132128024 93
165080128016 93
117088080016 93
134191128016 93
046063128024 93
060051128016 93
173086080024 93
081234128016 93
143017080016 93
204202080016 93
087023128016 93
087107128016 93
054206128016 93
131098080016 93
137136128016 93
066085128016 93
206000128016 93
003116128016 93
067214080016 93
124112080024 93
156092128016 93
229060128016 93
137239128016 93
242117080016 93
131086128016 93
158101080016 93
073097128016 93
081136080024 93
066032128024 93
119141080024 93
016247128016 93
228249128016 93
185153080024 93
165238128016 93
118100128016 93
057056128016 93
096074080016 93
209205080016 93
058212128016 93
195017128016 93
080165080016 93
134012128016 93
112217128024 93
177199128024 93
092164080016 87
128111080016 87
059128128016 87
039236080024 87
142161080016 87
114108128016 87
235028128016 87
226253128016 87
113105128016 87
084033080016 87
128086080016 87
136087128016 87
222015080016 87
085012080016 87
130090128016 87
107223128016 87
101069128016 87
147164080016 87
165007128024 87
195141080016 87
255073128024 87
000026128016 87
050196080024 87
117006128016 87
053133128024 87
093091080016 87
100014128016 87
218121080016 87
150009128016 87
010198128016 87
145128128016 87
180189080016 87
049218128024 87
016016080016 87
145038080016 87
145248128016 87
179097080016 87
079240080024 87
108095080016 87
221153080024 87
158027080016 87
102213128016 87
111136080016 87
124048080016 87
043170128016 87
082186080016 87
094036080016 87
182058128016 87
205175080016 87
107096128016 87
005147080016 87
055057080024 87
166162128016 87
029225080016 87
073019080016 87
079157080016 87
101075080016 87
180034080016 87
020097128024 87
066229128016 87
013126128016 87
074069080016 87
254109080016 82
250140128016 82
003196128016 82
207090080024 82
160241128024 82
230087128016 82
081157080016 82
010225128016 82
087200080016 82
114091080016 82
235059128016 82
182019128024 82
061063080016 82
014116128016 82
163099128016 82
066011128016 82
111085128016 82
235048080016 82
099224128024 82
170066080016 82
045145080016 82
122085080016 82
018054080016 82
016122080024 82
114176128024 82
078212080016 82
041088080016 82
239160080024 82
203094128016 82
073236128016 82
163084080016 82
147000128016 82
168045080016 82
242006128016 82
207187128016 82
070054080016 82
139009128016 82
098149080016 82
075062128016 82
195061128016 82
177030128016 82
118061080024 82
070029128016 82
064124128024 82
211016128016 82
131035128016 82
248144128016 82
148157128016 82
111223128016 82
084243080016 82
000000144018 82
123107080016 82
071254080016 82
002100080016 82
045128128016 82
251206080016 82
248227128016 82
202043080024 82
147125128016 82
062203128016 82
157076080024 82
161236128016 82
139185128016 82
169062128016 82
035070128016 82
252059128016 82
126176128016 82
132117128016 82
142229128016 82
246192080016 82
158232128016 82
062066080016 82
237253128016 82
018122128016 82
027044080016 82
036176128016 82
044030128024 82
052172128016 82
192244080016 77
070152128024 77
124160128016 77
188243128016 77
233122080016 77
056250080016 77
178208080016 77
028001128024 77
209203128016 77
004209128016 77
027185128016 77
137025128016 77
051076080016 77
253211128024 77
096221128016 77
210172080016 77
120214128016 77
068017128016 77
127016128016 77
235144080024 77
164179080016 77
150177128016 77
227093128016 77
011106128016 77
044099128016 77
130200080016 77
070176080016 77
045068080016 77
095235080016 77
143244128024 77
251227080016 77
188202080016 77
063254128016 77
021114080016 77
101027128016 77
029052128024 77
164077128016 77
204133128024 77
182039080016 77
088121128016 77
042052128016 77
105137128016 77
136029128016 77
019016128016 77
125108128016 77
049198080024 77
015099080016 77
196125128016 77
161238128024 77
195120128016 77
131217128016 77
065140128016 77
088127080016 77
134075128016 77
134179080024 77
154159128016 77
210163080016 77
174033128016 77
253056128016 77
142222128016 77
221073128016 77
021162080016 77
233198128016 77
206125128016 72
062250128016 72
058005080016 72
163238128016 72
071133128016 72
096240128016 72
244037128016 72
238000080016 72
133192128016 72
090110128016 72
091171128016 72
057063128024 72
145213080024 72
144029128016 72
037093128016 72
209230128024 72
170008080024 72
082141080016 72
205202128024 72
230004080024 72
171111080024 72
016061080016 72
009251080016 72
079015080024 72
011125080016 72
087225128016 72
057248080016 72
033056128016 72
104084128016 72
096219128016 72
115022128016 72
132065128016 72
190002080016 72
123104080024 72
222248128016 72
195094080016 72
171010080016 72
044221080016 72
112003128016 72
039105080016 72
137208080016 72
185255128016 72
200016080016 72
023014080016 72
089131080016 72
069067080016 72
161122080016 72
000000192016 72
191225080016 72
123181128016 72
142013128016 72
041194080016 72
028068080016 72
023145128016 72
057218128016 72
112095128016 72
199129128016 72
146172128016 72
003151080016 72
020085080024 72
018126128024 72
042191128016 72
153168080016 72
205156128016 72
105245128016 72
121117128024 72
164168128024 72
021049080016 72
097163080016 67
101031080016 67
121236128016 67
103003080016 67
232012080016 67
243006128016 67
012013080016 67
183042080024 67
233150128016 67
060188128016 67
244173128016 67
011056128016 67
115226080024 67
109151128024 67
209220128016 67
049218128016 67
136010128016 67
042017080016 67
075209080016 67
027089080024 67
123095128016 67
017210128024 67
078181128016 67
064133128024 67
006102128016 67
164237128024 67
167080080024 67
057188128016 67
006155128024 67
000175080016 67
075132128016 67
204168128016 67
006017128024 67
136099128016 67
015135080016 67
120126080024 67
212051128016 67
012217080016 67
232167080024 67
030001128016 67
077122080016 67
035250128016 67
118019080024 67
130053128016 67
188135128016 67
137229080016 67
058138128024 67
135062128016 63
018056128016 63
160214128024 63
119195080024 63
207089128016 63
134129128016 63
101093128016 63
000246128016 63
041236128016 63
002185080016 63
187022080024 63
106151128016 63
094124080016 63
089038080024 63
191075080016 63
017031080016 63
251106128016 63
049094080024 63
047010128016 63
228244128016 63
234186080016 63
036215080024 63
071085128016 63
103061128016 63
138007128024 63
088035080024 63
107158128024 63
143000080016 63
218175128024 63
121105128016 63
029249128016 63
195231128016 63
106253128016 63
167148128016 63
152090080016 63
229106128016 63
240196128016 63
072124080016 63
002086080024 63
035052080016 63
026255128024 63
123107080024 63
103106128016 63
240050128016 63
156255080016 63
201032080016 63
176184128016 63
197035080016 63
162213080016 63
141111128016 63
102233080024 63
226118128016 63
216168080016 63
143148128024 63
025172080024 63
140194128024 63
108207128016 63
062011128016 63
103083128016 63
117054080016 59
031215080016 59
217218128016 59
214052128016 59
232012080024 59
219103080016 59
121013080016 59
147232080016 59
091001080024 59
215254128016 59
125013080016 59
148015128016 59
232134080016 59
227242128024 59
205212080016 59
181076128016 59
068229080016 59
152128128016 59
080067080016 59
051247128024 59
255090080016 59
109170128016 59
143104128016 59
172161128024 59
038010128016 59
164064080016 59
109218128016 59
051150080016 59
171188128016 59
045136128016 59
111046128024 59
087127080016 59
137142128016 59
208056080016 59
011114128016 59
144065128016 59
043120128016 59
241191080016 59
060030128024 59
065000128016 59
107167128016 59
047171128024 59
097227128016 59
003208080016 59
050185080016 59
197140080024 59
112180128016 59
016221128024 59
075220128016 59
164083080016 59
066111080016 59
254093080016 59
098030128024 59
054147128016 59
105152080016 59
240050128024 59
218125128016 59
105243128016 59
113097080016 59
117125128016 59
181208128016 59
215185080024 59
153031128016 59
075182128016 59
233080128016 59
136237128016 59
150197080016 59
122248080016 59
015201128016 59
230025128016 59
246003128016 59
027063128016 59
246222128016 59
241231080016 59
251052080016 59
185150080016 59
098073128024 56
217214128016 56
150111128016 56
185240128016 56
015104080016 56
037110128016 56
177060128016 56
010060128016 56
128213128016 56
130234128016 56
071137080016 56
225239128016 56
037128128016 56
222113080016 56
201236128016 56
222061080016 56
180233128016 56
155083080016 56
130162128016 56
075135080016 56
156088080016 56
181091128016 56
163104080016 56
172086128016 56
250209128016 56
223146080016 56
115140128016 56
043247128024 56
139054128016 56
064075128024 56
037197128024 56
245171128016 56
202010080016 56
198001080016 56
128085080024 56
031004080016 56
126116128016 56
044118080016 56
097186080016 56
165207080016 56
072114128024 56
001024080016 56
119187128016 56
005015080024 52
248008128016 52
042147128024 52
066007128016 52
137238080016 52
066230080016 52
208097128016 52
156130080016 52
096031128016 52
225236128016 52
130126128016 52
046123128016 52
093012128016 52
112105128016 52
015225128024 52
234069080016 52
007142080024 52
004078128024 52
022157080016 52
247201080016 52
010132080016 52
134117128016 52
105022128016 52
226130128016 52
051034128016 52
165179128024 52
024042128024 52
101088128016 52
065072128016 52
217053128024 52
068088080016 52
130184080016 52
167029080024 52
113236128016 52
252238080024 52
183212080016 52
125042128024 52
169169128024 52
200250080016 52
090170080016 52
038004128016 52
110199128024 52
037024128016 52
029055128016 52
139218128016 52
069195128016 52
015222128016 52
015212128016 52
121117080016 52
107206128024 52
083117128016 52
200177128016 52
094154128016 52
133027128024 52
239067080016 52
042175080016 52
032137080016 52
076146080016 52
108196128016 52
077033128016 52
005136128024 52
178238128024 52
105144128016 52
118183128016 52
244156128016 52
106100080016 52
117230128016 52
163177128016 52
082011128016 52
091225128016 52
080015128016 52
066119080016 52
206137128016 52
102146080016 52
191157128016 52
103044128016 49
084156128016 49
057236128016 49
051054128024 49
114153128016 49
132012080024 49
167153128016 49
161059080016 49
146042128016 49
144147128016 49
189073128024 49
022180128024 49
246186128024 49
200050080016 49
050082128016 49
123101080016 49
037063128024 49
215074080016 49
070160080016 49
174157080016 49
254102128016 49
114114080016 49
001186128016 49
138187080024 49
018182128024 49
037056080016 49
112223128016 49
219158080024 49
023089080016 49
055008128016 49
137024080016 49
000082080016 49
146076128016 49
099218128016 49
018036080016 49
036121080016 49
237037128016 49
095176128016 49
217172080016 49
123068080016 49
159007128016 49
251079128016 49
034188128024 49
151074128016 49
099115080016 49
222068128016 49
209192128016 49
218156080016 49
102157080016 49
241236128016 49
015058080016 49
066045128016 49
014197080016 46
211124080016 46
231072128016 46
229218128016 46
137180080016 46
064146128024 46
253245128016 46
051000080016 46
016136080016 46
107036128024 46
171226128016 46
117235128016 46
098142128016 46
100154080016 46
067079128024 46
156206128016 46
075012080016 46
103108080016 46
194217128016 46
201055128016 46
114002128016 46
226086128016 46
199144128016 46
075188080024 46
105102080016 46
230163128016 46
222186128016 46
161184080016 46
114038080016 46
248251080016 46
099005128024 46
246182128016 46
229194080016 46
050219128016 46
228054080016 46
182251080016 46
183125128016 46
066111128024 46
224039080016 46
193026080016 46
063242080016 46
231069080016 46
064118080024 46
178203128016 46
054105128016 46
057054128016 46
096235128016 46
190222080016 46
197057080016 46
200067128016 46
055076080016 46
135014128016 46
037199080016 46
230019128016 46
020225128024 46
231192128016 46
092214080024 46
083054128016 46
248013080016 46
142172128016 46
191119080016 46
067240128016 46
117013080016 46
095046080016 46
097236128016 43
047027080016 43
201187128016 43
148112128016 43
086192128016 43
112146080024 43
193067080016 43
154088128016 43
233232128016 43
142178128016 43
049101128016 43
244065080016 43
113030080024 43
061146128016 43
060211128016 43
075040080016 43
009126128016 43
005053080016 43
151223128016 43
007218128016 43
148092080016 43
146047128016 43
237217128016 43
098075128016 43
000000080018 43
141100128016 43
208067128016 43
119011080016 43
080087080024 43
079254080016 43
037165080016 43
009146128016 43
134073080016 43
176112080016 43
222248128024 43
199107080016 43
243004080016 43
190042080016 43
241038128016 43
082049080016 43
234116128016 43
065026128024 43
176131128024 43
034108128016 43
021101128016 43
045040080016 43
039020128024 43
165022080024 43
225166128016 43
140101080016 43
146216128024 43
215161128016 43
152050080016 43
117096080024 43
010172080016 43
028040128016 43
065244080024 43
182098128016 43
065197128016 43
254156128016 43
110211080016 43
170222128016 43
082003080016 43
243044128016 43
075141080016 43
112085128016 43
154247080016 43
076054128016 43
147077080016 40
114009080016 40
059081128016 40
127098080016 40
119017080016 40
228222128024 40
092253080016 40
179031128024 40
061185128016 40
002241128024 40
077048128016 40
210125080016 40
164127128016 40
008012128024 40
080133128016 40
101018128016 40
215001080024 40
079182080016 40
074233128016 40
133136080016 40
090237128016 40
131122128016 40
240075080016 40
209183128024 40
106238128016 40
151044128024 40
002028128016 40
156208080016 40
033151128016 40
109007128016 40
019229128024 40
252046128016 40
118168128016 40
190195080016 40
049198080016 40
057210080016 40
184231080024 40
004009080016 40
133109080016 40
201219128024 40
036100080016 40
139093080016 40
039019128016 40
149019080024 40
116086080016 40
055231128016 40
101160128016 40
149077080016 40
093053128024 40
255096080016 40
080145080024 40
085209128016 40
253031128016 40
245192128016 40
073054080016 40
055186080016 40
165073128016 40
156023080024 40
113111128016 40
155005128016 40
042144080016 40
240231128016 40
120064128016 40
241047080024 40
250208128016 37
160007128016 37
123020080016 37
172135128024 37
020198128016 37
244079080024 37
113167080016 37
228228128016 37
081000128016 37
162033128016 37
037168128024 37
081201128024 37
103111128016 37
198020128016 37
223133128016 37
083128128024 37
131162080016 37
139127128024 37
190180080024 37
050205080024 37
026201080016 37
034053128016 37
144152128016 37
056162128024 37
009110128016 37
095125080024 37
180007080016 37
253226080024 37
224221128024 37
012089080024 37
061018080016 37
110112128016 37
088002128016 37
029145080024 37
032243080016 37
098016128016 37
151129080016 37
208203128016 37
085043128016 37
134185128016 37
073043128024 37
078253128016 37
112022128024 37
139192128016 37
085020128016 37
174200128016 37
045233080016 37
034091128016 37
024222080016 37
163218128016 37
162251128016 37
160087128016 37
155050080024 37
072206128016 37
179002080024 37
058174128016 37
007188128016 37
103143080016 37
153236128016 37
240153128024 37
249164080016 37
041082080024 37
075235128016 37
055023080016 37
086073080016 37
214227080016 37
157246128016 37
180161128016 37
075105080024 37
099115080024 37
037053128016 37
208149128016 37
112156080016 37
153243128016 37
185110128016 37
069032080016 37
138018128016 37
029206128016 37
124098080016 37
234000128016 37
138164080016 37
013111080016 37
102178128016 37
088011128016 37
145236128016 37
153172128016 37
003153128016 37
057021128016 37
091092128024 37
225249080024 37
243221128016 37
140099128016 37
163145128024 37
209199128016 35
076200080016 35
157103080016 35
097104080016 35
004019080016 35
083136128024 35
097118080016 35
160254128024 35
094036080024 35
012245080024 35
085029080024 35
102008080024 35
234151128024 35
241152080016 35
083199128016 35
213013128016 35
116092128016 35
242212128016 35
245164080016 35
084239128016 35
000024128016 35
236182128016 35
099212128016 35
081187080016 35
073138128016 35
166037080016 35
143206128016 35
136191128016 35
073096080016 35
233136128016 35
123069128024 35
155051128016 35
080237128016 35
217049080024 35
249189128016 35
162127128016 35
085203128016 35
137240128016 35
077188080024 35
078005080016 35
216032080016 35
139185128024 35
169254080016 35
051059128016 35
159012128024 35
024122128016 35
048042080016 35
254138128016 35
024002080016 35
075133128016 35
230235128016 35
194122080024 35
106182080016 35
148131128016 35
041214080016 35
121091080016 35
151082128016 35
210226128016 35
195175080024 32
063103080016 32
004194080016 32
091204128024 32
041087080024 32
095014080016 32
046010128016 32
143013080016 32
250054128024 32
168166128024 32
107195128016 32
014166080016 32
148234080016 32
119026128016 32
070061128016 32
092095080024 32
063093128024 32
215074128016 32
126088080024 32
121072080016 32
128255128016 32
167241080016 32
071248128016 32
247216080016 32
186199128016 32
018121128024 32
092031080016 32
228130080016 32
151193080016 32
246109080016 32
005180128016 32
017133128016 32
154087128016 32
057173128016 32
002175128016 32
077095128024 32
050211128024 32
140227080024 32
141099128016 32
246105128016 32
048218080024 32
110049080024 32
245013128016 32
014150128016 32
015236128024 32
002022128016 32
154056080016 32
219017128024 32
047255080016 32
253211080016 32
165043128024 32
093180128016 32
213095128024 32
000192080016 32
195112080016 32
075173128024 32
168086128016 32
003161128016 32
081217128024 32
144151128024 32
147080128016 32
150225080016 32
135174080016 32
046186080016 32
048197080016 32
066111080024 30
019149080024 30
057146128016 30
099224128016 30
056198128024 30
104045128016 30
058156080016 30
247167128016 30
035070128024 30
199155128024 30
202045080016 30
162101128016 30
120200080016 30
101191080016 30
178162080016 30
091055080016 30
149012128016 30
005208080016 30
145009128016 30
088171080024 30
223083128016 30
058051080024 30
244169128024 30
187167128016 30
169153128016 30
140214128024 30
103069128016 30
225139080016 30
005165128016 30
140227128016 30
050027128016 30
181162128024 30
251091128016 30
227130128016 30
129082128024 30
164032128016 30
140251128016 30
111149128024 30
205204080016 30
148123128024 30
155038128016 30
126003128016 30
253137128016 30
215077128016 30
196187080016 30
147140128016 30
077187128024 30
140028080016 30
116143128016 30
045125080024 30
213087080016 30
141130080024 30
183149080016 30
218240128016 30
042218080016 28
068152128016 28
135138128016 28
102194080016 28
214084080016 28
184105128016 28
131182080016 28
224089128016 28
127254128016 28
178115128016 28
180224080016 28
058110128024 28
055235128016 28
220102080024 28
141149080024 28
180071128016 28
041247128016 28
247181080024 28
252093080016 28
081032080016 28
150007128016 28
034010080016 28
131112128016 28
241061080016 28
034041080016 28
162230128024 28
096080080024 28
189030128016 28
141212080016 28
217191128016 28
195034128016 28
168125080016 28
194199080016 28
031015128024 28
007124128016 28
110183080016 28
082234080016 28
155097128016 28
159102080024 28
164048128016 28
238236080016 28
225037080024 28
115083128016 28
041017128016 28
159048080016 28
088092128016 28
243042080016 28
008066128016 28
194221128016 25
110107080016 25
215010080016 25
158152128016 25
205136128016 25
092025128016 25
127130128024 25
177223080016 25
238131128024 25
077250080016 25
245115128016 25
128043080016 25
230088080016 25
074155080016 25
213196128024 25
197185128016 25
201171080016 25
147168080016 25
002180128024 25
131114080016 25
053224128016 25
051154128024 25
074104128024 25
158200128016 25
189088080016 25
009135128016 25
051011080024 25
211124128024 25
128246128016 25
178216128016 25
140137128024 25
189220080016 25
231004128024 25
193059128016 25
138091128016 25
003020080016 25
082222128016 25
079066080016 25
156224128016 25
016021128016 25
062197128024 25
039160128024 25
074216128016 25
121196128016 25
079162128016 25
230097080016 25
105022128024 25
174147128016 25
130027080024 25
163128128016 25
024200128016 25
187037128024 25
029228128016 25
201117128016 25
173033128016 23
122232128016 23
136043080024 23
024207128016 23
028199080016 23
070160128024 23
101190080016 23
087041080016 23
128163128024 23
020210080016 23
174195128024 23
187059128016 23
107234080016 23
092239128016 23
186086080016 23
250173128016 23
184189080016 23
218146128016 23
073070080016 23
222166128016 23
166072080016 23
149082128024 23
065126080016 23
239020128016 23
080093128016 23
153015128024 23
132057080016 23
077218128016 23
080217080016 23
038196128016 23
065024128016 23
199006128016 23
184043128024 23
194142128016 23
121172128024 23
046254128024 23
053233080016 23
202070128016 23
236128080016 23
237052128016 23
151210080016 21
050003128016 21
047126128016 21
083220080016 21
003071128016 21
001229128016 21
043099128016 21
117008080016 21
160044128024 21
035174128016 21
135040128024 21
191167128016 21
083229128024 21
156184080016 21
206166128024 21
030107128016 21
080157128016 21
083125128024 21
254080128016 21
120225128024 21
166147080024 21
225018128016 21
189245080024 21
168156128024 21
203058128016 21
055146128024 21
212247128024 21
176216128016 21
065144080024 21
204058080016 21
129192128016 21
197124128016 21
103069128024 19
253161080016 19
111109080016 19
225029128016 19
044211160018 19
091112128024 19
089145128016 19
042114128016 19
143222128024 19
143153080016 19
114008128024 19
065149080016 19
105044128024 19
045012128016 19
 1