000000080002 69581
000000128016 62154
000000080016 55152
000000128024 44622
000000080024 39244
000000080004 20379
002246128016 14993
000000128002 14973
000000000000 11843
175050080016 11777
065250128016 11670
000000160002 11488
000000160018 9882
000000128017 9806
122110128016 9231
061199128016 8892
094117128016 8850
188139128016 8687
219041128016 8682
176126128016 7593
073208080016 7314
100216128016 7066
000000080017 6544
069164128016 6237
050232128016 6145
199136128016 6093
173064128016 6069
090036128016 5786
036150128016 5586
160038080016 5546
102215128016 5351
072031128016 5275
000000096002 5108
239160080016 4913
124254128016 4819
148210128016 4756
226155080016 4619
136155128016 4521
133104128016 4519
056218128016 4515
030096128016 4507
054179128016 4500
037059128016 4251
035241128016 4177
000000128018 4128
134049128016 4051
159170128016 3934
068131128016 3860
196026080016 3858
079240080016 3806
203015128016 3802
074138080016 3788
144176080016 3769
075188080016 3703
000000176016 3609
178199128016 3578
193227080024 3567
127006128016 3543
126062080016 3495
124112080024 3445
097173080016 3408
178178080016 3404
102072128016 3394
040195080016 3380
056143128016 3365
156018080016 3345
170232128016 3279
002043080016 3259
241002128016 3256
204049128016 3249
130227128016 3248
000000112018 3202
152045128016 3175
205157128016 3129
028114080016 3107
115240128016 3107
079241128016 3078
219002128016 3046
251181080016 3046
053068128016 3045
214212080016 3043
036132080016 3039
000000112002 3037
056056128016 3026
070080080016 3011
148085128016 3004
214048128016 2989
208214080024 2935
009016128016 2921
006243080016 2919
157237080024 2911
000000128194 2907
218109128016 2905
037031128016 2894
114127128016 2882
011007128016 2867
163002128016 2864
111151128016 2859
069103080016 2827
010031080016 2787
243155128016 2776
041046128016 2765
084205128016 2759
065169080016 2757
008018128016 2733
231198080016 2727
127188128016 2694
125051080016 2673
158133128016 2670
162230128016 2651
178251128016 2649
168219080016 2647
000000080020 2640
156230128016 2640
161148128016 2613
151017128016 2604
168039080016 2601
205118128016 2583
238245128016 2566
039236080016 2561
079121128016 2560
124209080016 2551
172252128016 2550
015053128016 2545
233021128016 2521
174021080016 2518
064024080016 2503
106080080016 2495
062011080016 2488
013245080016 2477
033036128016 2474
152206128016 2462
020042080016 2456
242158128016 2424
191130128016 2407
209196128016 2379
146158128016 2370
181061080016 2369
207000128016 2364
250179080016 2363
136208128016 2357
089121128016 2339
237084080016 2333
138036080016 2331
175067128016 2305
025250080016 2303
029022080016 2293
038101128016 2286
166040128016 2280
050094128016 2277
017236080016 2271
156218128016 2266
108215080016 2263
095058128016 2262
122233128016 2256
000000240016 2226
105044128016 2207
102157128016 2202
148225128016 2200
007028128016 2191
220144128016 2186
136053128016 2184
029032128016 2164
017088080016 2158
062041080016 2158
002151080016 2156
141018128016 2155
211242128016 2143
202021080016 2134
219158080016 2134
165134080016 2102
135175080016 2097
182166128016 2088
047083128016 2079
132097128016 2075
141199128016 2070
027025128016 2066
119100128016 2065
216040128016 2058
000000128025 2055
250081128016 2048
150127128016 2048
247216128016 2046
000000208016 2034
158032128016 2024
152095128016 2019
230090080016 2019
082211128016 2016
080082128016 2016
061009080016 2013
148126128016 2011
095210080016 2008
059223080016 2006
183234080016 2004
140147080016 2002
026078080016 2002
035250128016 1998
063241128016 1998
029052128016 1994
069223080016 1985
016112128016 1970
030198080016 1968
015112128016 1968
094078128016 1966
121039128016 1955
064147128016 1954
217018080016 1954
128248128016 1942
051010128016 1940
047121080016 1936
026036080016 1931
161238128016 1927
102130128016 1923
130106128016 1920
224053128016 1910
000000080025 1909
206045128016 1904
128173080016 1897
047225128016 1894
144078080016 1894
155121128016 1894
043247128024 1884
061049128024 1876
098019128016 1876
191069080016 1875
031015128016 1859
126209128016 1858
142107080024 1856
231141128016 1848
169217128016 1846
023204128016 1843
096111128016 1839
067192128016 1839
073094080024 1836
006236080016 1833
126131128016 1832
130094128016 1824
238016080016 1822
222238128016 1816
095168128016 1810
109210128016 1810
152249128016 1809
032091128016 1809
051119080016 1807
013231128016 1798
100004128016 1792
182050128016 1792
073011080024 1791
106110080016 1789
241127128016 1786
199084080016 1783
096204080016 1781
061075128016 1780
050146128016 1779
210002128016 1777
141207080024 1777
208111080024 1777
019014080016 1775
001240080016 1772
120061128016 1770
021005128016 1770
000246128016 1763
226094080016 1763
015071128016 1756
050177128016 1755
175131128016 1755
068120080016 1752
135231080016 1750
074104128016 1749
102229080016 1749
021080080016 1746
036049080016 1743
125095128016 1741
031133128016 1732
249023128016 1732
159059128016 1730
200177080016 1729
178034128016 1726
234144128016 1724
183101128016 1716
255073128024 1715
176009080016 1714
146249128016 1712
224223080016 1712
162056080016 1707
128083128016 1706
188122128016 1702
112114128016 1700
000000176002 1700
173044128016 1700
222198128024 1699
251167128016 1696
196094080016 1687
114221080016 1687
250238080016 1687
251164080016 1683
220051128024 1683
105110128016 1676
052061080016 1676
074107128016 1674
039187128016 1667
155076128016 1660
201056128016 1660
030230128016 1653
065011128016 1652
054074128016 1648
000005080016 1648
200171128016 1648
046179128016 1647
172061128016 1647
132191128016 1645
223208128016 1645
201176128016 1644
086057128016 1643
162052128016 1642
212033128016 1642
106045080016 1641
133126080016 1640
172024128016 1638
064229080016 1636
063167128016 1636
191235128016 1634
185132080016 1633
120145128016 1632
059009080016 1629
085029080016 1629
054155128016 1625
025172128016 1624
137229128016 1623
223086128016 1621
178060128016 1620
069141080016 1620
070166128016 1614
110200128016 1610
074060080016 1610
102150080016 1610
166197128016 1608
253061128016 1606
011058128016 1604
145136128016 1604
174171080016 1601
035123080016 1600
143176128016 1599
091114080016 1598
155125128016 1598
154105128016 1594
124204128016 1592
126045080016 1592
230105128016 1592
038221128016 1592
138135128016 1588
176030080016 1587
110036080016 1586
123035080016 1585
197036128016 1585
101243128016 1584
175113080016 1583
124129080024 1583
136065128016 1578
140221128016 1577
114185128016 1576
046146080016 1576
025166080016 1572
097068128016 1571
061255128016 1571
034208128016 1570
127133128016 1568
000004128016 1567
180220128016 1566
030040128016 1560
140079128016 1558
125090128016 1557
239038128016 1556
144149128016 1553
056198128016 1553
160081128016 1553
066118128016 1553
041098128016 1551
033140128016 1551
068132128016 1550
069225128016 1548
253168128016 1548
245213128016 1545
062197128016 1544
184216128024 1544
029002128016 1544
214066128016 1543
057069128016 1542
185006128016 1542
080039128016 1540
048231080016 1540
224193080016 1536
208244128024 1535
161249128016 1535
061238128016 1531
177193080016 1531
018034080024 1530
118112128016 1530
250025128016 1526
238199128016 1526
099063128016 1520
250069128016 1519
108160128016 1518
253155128016 1516
252162128016 1511
076232080016 1508
016159080016 1500
135028128016 1496
171171080016 1495
144044128016 1491
023044128016 1489
095069128016 1488
094042128016 1486
121207128016 1485
041145080016 1484
176131128016 1483
134083128016 1480
213196128016 1479
070150128016 1478
142011128016 1477
161018128016 1477
062004080016 1476
104161080016 1475
050114128016 1472
177200128016 1472
234167128016 1470
062244128016 1468
095117128016 1467
037222128016 1467
121159128016 1466
068177080016 1465
152135128016 1465
111230080024 1464
061128128016 1464
164007128016 1462
036121080016 1460
160218128016 1459
224060080016 1459
191220128016 1459
116062128016 1459
107108128016 1459
146096080016 1457
160021128016 1456
115219080016 1451
141213128016 1451
054204128016 1450
094008128016 1450
061058128016 1448
158081128016 1447
128177128016 1445
024156128016 1445
031210080016 1443
152242128016 1443
163213128016 1442
166057128016 1442
109019128016 1440
105215128016 1436
055238080016 1434
012245080016 1434
193177128016 1433
010032128016 1431
213250128016 1430
039059128016 1430
141216128016 1430
047082128016 1428
067119080016 1428
023176128016 1428
045006128016 1428
065228128016 1427
052012128016 1426
114188128016 1423
026082128016 1422
214202080016 1422
110198080016 1420
009220128016 1419
113104128016 1418
162213080016 1413
005185128016 1412
019245080024 1411
103060128016 1411
137212080016 1403
250222128016 1403
079087080016 1403
115242128016 1402
023141128016 1401
107151080016 1400
053017128016 1394
098007128016 1393
128255128016 1393
180119128016 1392
030199128016 1389
135235128016 1387
002187128016 1385
032005080016 1384
183140128016 1384
175234080016 1384
044233128016 1384
078065128016 1383
066209080016 1383
243128128016 1383
024228080016 1382
201232128016 1382
042152128016 1381
187206128016 1380
103087128016 1379
099239128016 1378
037145128016 1376
146045128016 1376
197054128016 1373
058072080016 1372
193036128016 1368
041009128016 1366
177041128016 1363
024151128016 1362
143222128016 1358
143249128016 1357
053201128016 1357
104203128016 1353
232082128016 1351
180110128016 1350
237016128016 1350
149087128016 1350
174140128016 1349
058231128016 1349
035112128016 1348
013143128016 1348
046212128016 1348
097186080024 1348
134244128016 1347
016196128016 1346
243055128016 1346
067042128016 1346
057169128016 1344
131055128016 1344
218021128016 1343
116015128016 1341
042048080016 1338
076204080016 1337
053173080016 1336
115184128016 1336
024152128016 1333
012011128016 1332
140229128016 1330
149141128016 1328
236155080016 1327
228105128016 1326
087241128016 1326
157105080016 1325
173086080024 1325
064190128016 1325
223163128024 1325
046254128016 1325
233179080016 1324
191060080016 1323
081141128016 1322
042160128016 1320
156122128016 1320
096100128016 1319
017156128016 1318
117229128016 1316
101113128016 1313
250111128016 1313
101088128016 1313
201219128016 1311
097050128016 1310
029221128016 1309
034174128016 1309
071244128016 1308
024121080016 1307
129091128016 1306
119197128016 1304
153213128016 1303
005214128016 1303
229233128016 1301
128196080016 1299
012030080016 1299
053055128016 1299
062234080016 1297
175125128016 1296
225016080016 1293
108162128016 1293
084104128016 1289
150047128016 1288
158001128016 1287
129223128016 1287
029012128016 1286
074233128016 1286
144249128016 1285
033175080016 1285
173229128016 1284
155152128016 1283
223136128016 1283
064042128016 1282
008079080016 1281
086175080016 1277
010240080016 1277
058132128016 1275
126082080016 1275
148159128016 1275
169169128016 1271
049226128016 1270
244134128016 1267
092032128016 1265
015176128016 1265
070176080016 1265
053129080016 1264
106155128024 1264
080099080024 1264
038167128016 1264
216156080016 1263
247094128016 1261
126178128016 1257
160255128016 1257
042060080016 1256
174027128016 1254
075054128016 1254
011171128016 1254
159125128016 1254
199207128016 1254
245194128016 1253
219017128016 1253
169169128024 1253
051096080016 1252
187218080016 1250
131093128024 1250
054091128016 1249
182178128016 1247
009161128016 1246
254174128016 1246
237048128016 1246
250000128016 1246
056015128016 1246
255090080016 1244
149110128016 1244
040165128016 1243
047029080024 1241
026103128016 1237
185005128016 1237
089129128016 1237
018104080016 1227
163228128016 1225
169149128016 1222
043132128016 1221
112217128016 1219
237233128016 1218
053165128016 1216
193139080016 1216
120024128016 1215
144062128016 1211
098083080016 1211
131112128016 1208
027203128016 1208
153058128024 1206
158098080016 1206
082249128016 1203
136130128016 1203
036205080016 1202
111191128016 1200
015232128016 1200
156217128016 1199
102095080016 1197
204016128016 1196
112071128016 1195
209236128016 1195
137160128016 1193
010185128016 1193
176104128016 1193
168166128016 1192
229218128016 1191
219045128016 1190
023021128016 1190
036246128016 1189
119195080016 1189
074041080016 1187
157208080016 1186
242084128016 1184
248166080016 1183
049164080016 1183
028061080016 1176
129130128016 1175
175115080016 1171
107206128016 1170
239001128016 1163
245059128016 1161
173109128016 1159
063013080016 1158
035154128016 1158
003196128016 1157
200056128016 1157
254192128016 1156
252227128016 1156
132179128016 1155
251206080016 1155
188081128016 1153
029129128016 1153
221025128016 1151
114218080016 1151
011009128016 1148
121117128016 1145
019249128016 1145
000095128016 1144
226121128016 1143
088206080016 1143
064248128016 1142
053117128016 1141
144091128016 1141
035021128016 1139
085071128016 1136
070177080016 1135
065140128016 1134
202148080016 1134
154012080016 1134
120079080016 1133
018150080016 1133
224066080016 1132
076166128016 1130
103244080016 1128
030022080016 1128
012235080016 1127
103149080016 1125
132201128016 1117
198044128016 1114
004069128016 1113
151094080016 1112
181089128016 1112
120191128016 1110
154009080016 1110
202043080016 1108
059111128016 1108
042061080016 1106
008089128016 1106
077167128016 1105
156226128016 1104
056064128016 1102
103236128016 1101
105148080016 1100
014099128016 1100
190104128016 1100
161083128016 1099
205062080016 1099
181076128024 1099
169119080016 1098
023035128016 1097
164126128016 1094
000000096018 1094
057146128016 1093
237241080016 1092
196223128016 1091
152112128016 1091
062234080024 1091
015153080024 1086
222035128016 1085
153114128016 1085
127016128016 1084
057204128016 1084
180134080016 1079
211194080016 1076
067127080016 1075
102059128016 1074
135001128016 1068
243019128016 1066
243253080016 1066
007061128016 1065
038123128016 1064
165021128016 1063
023014080016 1062
205098128016 1062
249084080016 1062
037190080016 1060
052243128016 1060
112026080016 1059
113220080016 1058
036030080016 1058
191121128016 1057
251186128016 1053
129154128016 1040
086171128016 1040
243219080016 1040
008066128016 1040
041252128016 1039
201131128016 1038
083128128016 1038
091210128016 1037
124255080016 1035
038227128016 1035
156213128024 1026
082011128016 1026
116190080016 1025
112146080024 1025
023106080016 1023
013190128016 1023
045089128016 1023
231130128016 1019
042039128016 1018
085188128024 1017
014170128016 1017
102216080016 1015
034235080016 1014
220036128016 1013
109196128016 1012
094129080016 1012
137088080016 1009
107054128016 1009
045023128016 1007
230042128016 1007
067225128016 1006
084209128016 1004
073011128016 1002
046222128016 1001
125123080016 1001
206019080016 1001
024053128016 1000
199053080016 1000
185138128016 995
241113128016 993
131129080016 991
022061128016 991
213025128016 991
249229080016 990
183222080016 989
113247128016 989
099185128016 989
014095080016 985
003052080016 985
017233128024 985
205196080016 984
119188128016 982
062017080016 980
180152080016 978
155048080016 976
055057080016 974
186177128016 974
023020080016 973
207016128016 973
030244080016 973
103252128016 972
164094128016 971
118106128016 971
122227128016 968
174188128016 968
120041128016 965
113131128016 965
113073128016 965
069055128016 962
210229080016 959
236209128016 958
157135128016 957
106157080016 957
208081080016 957
143231080016 955
130201080016 954
068254080016 953
161247128016 953
234083128016 950
138169128016 950
254045128016 950
226189128016 949
110021128016 948
123089080016 947
210122128016 947
102099080016 947
196049128016 946
236218128016 945
153159128016 944
080178080016 944
045079128016 942
227220128016 940
209030080016 938
163119128016 938
180035128016 937
037164128016 936
114213080016 935
087217080016 933
193021128016 932
207000128024 929
069082128016 929
050056128016 929
017100128016 927
028158128016 924
112177128016 922
119210128016 920
015103080016 919
238169080016 918
143244128016 917
012084128016 915
008170128016 913
012250128016 911
163189128016 908
249057128016 906
001218128024 906
217099128016 905
082137080016 902
023037128016 901
070209128016 901
064118080024 898
076004080016 898
243115080024 897
091197128016 897
220187080018 895
180093128016 892
128218128016 890
192039128016 889
163244128016 889
035125080016 887
083206080016 887
038163128016 886
079015080016 885
106162128016 883
127081128016 883
251057080016 883
063059128016 882
044243128016 881
208016080016 880
026187128016 879
108019080016 879
176002128016 879
139097080016 878
128085080024 878
210071128016 878
019160128016 878
254140080016 877
095076128016 875
130149128016 874
194238080016 873
214125080016 872
018113128016 872
077188080016 872
253163128016 872
156044080016 870
121102080016 869
072122128016 868
250171080016 865
102205128016 864
042015128016 864
108139128016 863
054155128024 862
223233080016 862
236199128016 862
005088128016 861
052168128016 861
099080080016 855
207198080016 853
028213080024 852
156171128016 852
078020080016 852
129190128024 850
200094080016 849
246026128016 847
061190128016 847
011233128016 844
249032128016 844
028188128016 843
073067080016 841
092133128016 840
049146128016 839
108152080016 839
171235080016 835
022045080016 833
064220128016 831
176192128016 829
183087128024 829
072169080016 829
149103080016 829
209173080024 828
163101128016 826
190026128016 826
242032128016 826
031157128016 822
020238128016 822
036215080016 820
214197080016 820
194244080016 820
012032128016 818
235079080016 817
223162080016 816
075232080016 815
162038080016 814
005191080016 814
002135080016 813
106100080016 813
026099128016 813
217014128016 813
019076080016 812
093167080016 809
177058080016 809
134146128016 809
088029128016 805
100212128016 805
187182128016 805
026153128016 804
124136128016 804
186135080016 802
176037128016 802
106073080024 802
225206128016 802
040089080016 800
067110080016 799
085039128016 799
138226128016 797
213016080016 796
175103080016 796
016138128024 796
230145128016 795
163009128016 793
222155128016 791
129179128016 791
122041128016 791
110084080016 791
157126128016 790
077048080016 789
117072080016 788
251035128016 788
247152080016 788
043207128016 787
168172080016 785
215110128016 782
031164080016 781
140054080016 780
103219080016 780
097141128016 778
126243080016 778
039133128016 778
188242128016 776
096235128016 776
006081128016 776
082049080016 776
151112128016 775
002097128016 775
018121128024 775
243241080016 774
169219128016 774
247246128016 773
079157080016 770
020155080016 765
056246080016 762
166179080016 759
063188128016 759
078247128016 757
009058080016 756
147108128016 755
129138080016 755
102226128016 755
085253128016 754
144066080016 754
230148080016 750
174021080024 750
018086128016 749
203123128016 747
200169080016 746
108085080016 742
137238128016 742
085016128016 741
135063128016 741
231110128016 741
109068128016 741
057205080016 738
094124080016 736
084233080016 736
221066080016 736
245094128016 733
033076128016 733
090200080016 733
190050128016 732
166024080016 732
251079128016 731
181115128016 731
245014080016 730
098009080016 730
219228128016 730
161082128024 727
209173080016 727
164253128016 727
072036128016 725
059050128016 725
200143128016 723
111110128024 723
192249128016 723
232197128016 720
055237080016 719
161240128016 719
007142080016 717
010102128016 715
019126080016 715
251237080016 715
062011128016 714
131147128016 714
235231128016 713
129232128016 712
086108080016 711
027089080016 711
224101080016 710
122078080016 710
204133128024 710
154071080016 707
245073080016 707
022156128016 706
057029080016 706
019149080016 706
157118128016 706
043227128016 705
201134128016 705
081150080016 705
208248080016 705
099189128016 705
083182080016 704
171138080016 702
053079128016 702
213196128024 701
084054128024 701
018150128016 701
046200128016 698
198056080016 698
027154080016 697
144027128016 697
017180080016 697
091038128016 696
078051080016 695
139002080016 695
192187128016 695
044131080016 692
014048080016 691
194217128016 691
131000128016 690
137008128016 688
047071080016 687
119043080016 686
174145128016 686
215212080016 686
168194128016 685
123054080016 684
116155128016 682
002120080016 681
173253128016 679
135203080016 679
021238080016 678
209203128016 678
219176080016 678
137151128016 678
024049080016 678
162208128016 677
123011128016 674
056139128016 673
043095128016 673
135062128016 672
123237128016 672
002228128016 672
125173128016 668
205163128016 668
034080128024 666
021010128016 666
062251128016 666
019125128016 663
126088080016 662
116033080016 662
002241128024 662
170008080016 661
077171128016 658
094133128016 657
133242128016 655
046059080016 655
014166080024 655
002003080016 651
240160128016 650
026173128016 650
166145128016 650
157141128016 650
008134128016 650
030093080016 649
042017080016 649
099169080016 649
041078128016 648
055242080016 648
205127080016 647
176235128016 646
242134128016 645
160241128016 644
134233128016 644
002164080016 644
121117080016 644
203015128024 643
222168080016 643
162012080016 641
203198128016 641
043211128016 640
159198128016 640
181080128016 639
157237080016 638
115083128016 638
079191080024 635
035241128024 635
051236080016 634
037024080016 633
155116128016 633
127130128016 632
116042128016 631
118088128016 631
250091128024 631
229164080024 630
079093128016 630
049198080024 629
009010128016 629
051095128016 628
179106128016 628
248144128016 628
191010128016 628
147125128016 627
139237080016 626
074069080016 625
153177128016 625
062213080016 623
144149080016 621
213087128016 619
103187128016 618
076109080016 617
080083128016 615
103022128016 614
035120128016 613
157061128016 612
111230080016 612
169130128024 612
082052080016 612
114096080016 611
251173128016 611
243109128016 611
125005128016 610
076224128016 610
050173128016 610
030144080016 610
197180128016 610
075146128016 609
122067128016 608
196219128016 608
061058080016 608
142107080016 607
118103080016 607
011057128016 607
097024080016 605
178158128016 604
056120080016 602
191076080024 599
229164080016 599
001132128016 598
021070080016 597
222244128016 597
255048128016 596
225240128016 596
072018080016 596
158212128016 595
012190128016 594
034097080024 594
229217080024 593
035160128016 593
036150128024 592
073158128016 592
179012128024 592
012097128016 592
151213128016 591
211020128016 591
242178080024 590
060096080016 590
015041128016 588
073008128024 586
127137080016 586
234176128024 586
057054128016 585
100050080016 584
187032128016 584
040040080024 583
046063128016 581
086225080016 581
114056128016 581
180189080016 581
250206128016 579
109178080016 578
243196080016 578
057220128024 577
209233128016 577
128213128016 577
162045080016 577
215026128016 576
194230128016 573
149019080016 571
082141080024 569
168166128024 568
116103080016 568
138205128016 568
249056128016 567
085043128016 567
072082080016 563
073168080016 563
118009128016 563
121249080024 563
247027080016 562
120126080016 562
130019080016 561
164242128016 561
074006128016 558
059192080016 558
112244080016 557
040098128016 557
135142080016 557
001007080016 557
019244128016 556
229045128016 556
093062080016 556
194163128016 556
065197128016 555
237029080016 555
233177128024 554
007012128016 554
036055080016 553
151185128016 553
069174128016 552
128185080016 552
094159128016 552
089112128016 552
055108128016 549
032156128016 549
194166128016 548
065183128016 548
249072080016 547
077180128016 547
229091128016 547
048206128016 546
067214080016 545
228066080016 545
181035128016 545
202037080016 544
189138128016 544
211222080016 544
247199080016 543
092193080016 539
078046080016 539
135253128016 539
084243080016 539
045145080016 538
129233080016 538
244196080016 538
066020080016 537
002175080016 536
088090128024 535
122090080016 535
041061128016 534
017210128016 532
099018128016 531
211194080024 530
045155128016 530
010197128016 529
017233128016 528
005165128016 526
107242128016 525
147026128016 524
177218128016 523
104182128016 522
039221128016 521
148126128024 521
176072128016 520
166131128016 520
139178128016 520
229060128016 519
153187128016 519
225027128016 519
094026128016 519
017086128016 519
160023080016 518
199137128016 515
217164128016 515
152010128016 513
010122128016 513
124205080024 513
003219128016 512
046027128016 511
078121128016 511
000000160016 511
217045128016 511
077007128016 510
255067128016 509
169128080016 509
161083080016 507
152080128016 505
065081080016 504
225058080016 504
159189080016 502
121196128016 501
109188080016 501
106241080016 501
069067080016 501
243231080016 500
079057128016 500
254222128024 500
121098128016 499
061049128016 496
082152080016 496
092253080016 494
025226080016 494
235229128016 493
037086128016 492
187146128016 491
048012080016 491
016138128016 491
208102128016 490
231047080016 489
039040128024 489
078253128016 487
119151080016 487
107120080016 486
113055080016 486
135058128016 486
143161128016 485
164197080016 484
243034128016 484
061207128016 484
050232128024 484
225249080016 482
072043080016 481
044048128016 481
232214080016 480
062197128024 480
102191128016 479
145228080016 479
225037080016 475
238156128016 475
108176080016 474
032153080016 474
171231128016 474
158179128016 474
166141128016 471
246119080024 470
079142080024 470
190148080016 469
139200128016 469
178000128016 468
145128128016 466
218243128016 466
097156080016 465
204074080016 465
155051128024 465
165027128016 464
235039128016 463
167122080024 463
002086080016 462
063189128016 461
018066080016 461
067179128016 461
025167080016 459
002246128024 459
169153128016 459
009102128016 458
121151128016 457
071228080016 457
230224080016 457
032004080016 455
133224080016 454
050082128016 454
134129128016 454
050143080016 453
146046080016 452
022046128016 452
067167080016 452
084094128016 451
005015080016 449
181037128016 448
048109128016 448
139217128016 448
222123080016 446
147072080016 446
143017080016 446
238129128016 446
162221128016 446
190169128016 446
235051128024 445
098108128016 445
175031128016 445
077219128016 443
169103080016 443
138166128016 443
163009128024 443
244136080016 442
249158128016 439
045141080016 438
077158080016 438
114108128016 437
096229080016 436
041079080016 436
203004080016 436
217006128016 435
102008080016 435
224049128016 434
088117080016 434
037052080016 433
174248128016 432
093013128016 432
135005128016 431
079179128016 428
101018128016 428
215246080016 427
173018128016 426
143185128016 425
020162128016 425
032240128016 424
055076080016 424
032136080016 424
131049080024 424
122049080016 423
094244128016 422
134077080016 422
120254128016 422
022201080016 422
217166080016 422
204191128016 420
135138128016 420
152010080016 420
137221080016 420
220147080016 419
143127128016 419
056250080016 419
233236128016 417
243042080016 417
108082128016 417
203227080016 417
047213128016 416
115210128016 416
097255080016 416
079221128016 416
020002128016 414
156149128016 414
080024128016 413
134075128016 412
056119128016 412
215053080016 412
169239080016 411
217231128016 411
125136080016 411
108020128016 411
147203128016 410
112084128016 410
005008080016 409
203041080016 408
131125128016 408
242249080016 408
046063128024 407
042053080016 407
229216128016 407
001094128016 405
207252080016 404
125065080016 404
178242080016 404
255089128024 404
002100080016 404
058237128016 404
236142128016 403
177091128016 403
204192080016 402
130074128016 401
083036128016 401
119085080016 400
036215080024 399
063142080016 399
090193080016 397
169097080016 397
195008128016 397
033151080024 396
141031128024 396
221193080016 396
138073128016 396
107051128016 396
102098080016 394
206189128016 393
077117128016 393
023089080016 393
101075080016 392
126089080016 392
115022128016 391
120161128016 390
132068080016 390
132201080016 389
167080080016 389
099181128016 389
127092080016 388
066239128016 387
081108128016 387
113101080016 386
213013128016 385
103041128016 385
218160128016 385
188169080016 384
191081128016 383
069114128016 383
037179128016 382
012089080016 380
005164128016 380
229121128016 379
018047080024 379
213242080016 378
088227080016 378
209201080016 378
065026128016 377
029177128016 377
222124080016 377
055240128016 377
161243080016 377
028213080016 376
206175128016 376
190050080016 375
126047080016 375
106164128016 374
168073128024 374
108041080016 374
198125128016 374
133250128024 374
230064128016 373
155120080016 373
000000144002 373
162095128024 372
013156080016 372
203116080016 372
118132080016 372
121236128016 372
009126128016 372
164180080016 371
180094128016 370
042122128016 368
108125080016 368
121141128016 368
029171080016 367
003204128016 366
036173080016 366
024042128024 363
106128080016 363
108046080016 363
181184080016 363
079104128016 363
060161128016 362
225197080016 360
244247080016 360
099052080016 360
039145080016 360
066111080016 360
238106128016 359
103251128016 358
226073080016 357
049141128016 356
135184080016 356
047074128016 356
038011080016 355
149194128016 355
225110128016 354
080250128016 354
166035080016 352
167048080016 352
073096080016 352
167248080016 352
197165080016 351
054175080016 350
108006080016 349
036086128016 348
237029080024 348
144136080016 347
084124080016 347
022131128024 346
081245080016 346
179059128016 346
118103080024 345
236086128016 345
233147128016 345
162005128016 345
167213080016 345
144169128016 345
177196128016 345
113216128016 345
156078080016 345
203012128024 345
155176080016 345
014197080016 345
055231128024 345
030065080016 345
178208080016 345
217168080016 345
030212128016 345
238244128016 345
061114080016 343
048149128016 342
081201080016 342
122078080024 340
036015080016 339
155097128016 322
167229080016 322
037197128024 322
068085080024 322
218067080016 322
167095128016 322
022199128024 322
123165080024 322
084091128024 322
226028080016 322
131007128016 322
023020080024 322
069073128016 322
155018080016 322
042046080016 322
084036080017 322
237152128016 322
238000080016 322
143172080016 302
018182128024 302
006129128016 302
098146128016 302
147232080016 302
000096128016 302
124014080016 302
052124128016 302
083223080016 302
237107128016 302
135000128016 302
015095080016 302
099002080016 302
187196128016 302
225165080016 302
162067128016 302
087249080016 302
102183128016 302
009240128016 302
075169128016 302
000144080016 302
115132128016 302
083132128016 302
092120128016 302
092253080024 302
072124080016 302
022045080024 302
047221128016 302
100020080016 302
183042080016 302
196105128016 285
063165128016 285
175093080016 285
063242080016 285
205192128024 285
199220128016 285
165007128024 285
195176128016 285
047116128016 285
153094128016 285
128111080016 285
198069128024 285
226115080016 285
195152128016 285
226185128016 285
042089080016 285
075176128016 285
129233080024 285
138101128024 285
232218128016 285
227068080016 285
016155128024 285
195144128016 285
173123128016 285
150211160018 285
105144128016 270
151105080016 270
006166128016 270
125119080016 270
121225080016 270
062081128016 270
124205080016 270
124044128016 270
104150128016 270
040183128016 270
185015128016 270
217049080024 270
233054128016 270
124203128016 270
084071080016 270
071049080016 270
143006128016 270
041135128016 270
065098128016 270
073204128016 257
091135128016 257
232155080016 257
157062128016 257
246227128016 257
227093128016 257
082055128016 257
016149080016 257
088120080024 257
070169080016 257
115030080024 257
188254080016 257
002017128016 257
132220128024 257
246222128024 257
068101080016 257
207078128016 257
160252080024 257
051213128016 257
099224128024 257
037168128024 257
234228128016 257
111174128016 257
234077080016 257
116150080016 257
075062128016 257
007088080016 244
215213080024 244
002000128024 244
231251080016 244
072252080016 244
036174128016 244
185101128016 244
073251080016 244
061171080016 244
111232160018 244
032164128016 244
006017128016 244
226130128016 244
245003080016 244
065144080024 244
009213128016 244
140079128024 244
182094128016 244
171022080016 244
075094128016 244
226159080024 244
185037080016 244
159017176016 244
227224080016 233
173086080016 233
077218128016 233
166072080024 233
005226128024 233
218043128016 233
167151080024 233
087152128024 233
227008080016 233
233025080016 233
000192080016 233
230044128016 233
007215128016 223
010134128024 223
163103128024 223
099244080016 223
010162128016 223
184111080016 223
169097080024 223
083125128024 223
157255128016 223
180016128016 223
003028080016 223
111019128016 223
049083128016 223
165080128016 214
202038080016 214
231075080016 214
205175080016 214
231047080024 214
206244128016 214
163184080016 214
151212128024 214
219061128024 214
206125128016 214
074049080016 214
127023128016 214
142117080016 214
114221128016 214
024225080016 214
050240080024 205
240196128016 205
162127128016 205
127080128016 205
054147128024 205
237239128016 205
050072128016 205
011045128016 205
042082128016 205
120057128016 205
200073080016 205
204242128024 205
125135128016 205
092034080024 205
130013080016 205
182196128016 205
005219128016 196
105026080016 196
100165080016 196
197195128016 196
115000128024 196
098240128016 196
021127128016 196
240109128016 196
116190080024 196
126082080024 196
214214080024 196
141111128016 196
177060128016 189
146166080024 189
165229080024 189
228228128024 189
164228128016 189
175005128024 189
053123128024 189
102039080016 189
127233128016 189
226223080024 189
043036080016 189
214066128024 181
192111128016 181
114144080016 181
178069080024 181
102214128016 181
034014080016 181
222121128024 174
062239128016 174
046199080016 174
178129128016 174
012104080016 174
143150080016 174
182203080016 174
144137080016 174
212253080024 174
014187128016 174
120162128016 168
059128128016 168
135190128016 168
097043128016 168
096074080016 168
089131080016 168
251227080016 168
170214080016 168
157076080024 168
081157080016 168
076004128016 162
071248128016 162
213191128016 162
099094128024 162
223128128016 162
223206128016 162
210163080016 162
082186080016 162
255207080016 162
216142128016 162
128163128024 156
032137080016 156
182042128016 156
001005080016 156
144121080016 156
182050128024 156
136113080016 156
197087128016 156
133192128016 156
003192128016 150
034091128016 150
136062080024 150
095049128024 145
012057128024 145
004019080016 145
034108128016 145
244047128024 145
181177080024 145
161169128016 145
126094080016 145
187209128016 145
191249128016 145
245163128016 139
047199128016 139
202010080016 139
160246128016 139
045136128016 139
104085080016 139
080015128016 139
070160080016 134
172047128016 134
085134128024 134
050034128016 134
106170080016 129
250054128016 129
005234080016 129
081234128016 129
000013080016 129
111161128016 129
254012128016 129
215169128016 129
062161080024 125
137142128016 120
224006080024 120
119011128016 120
052172128016 120
057210080016 120
076218128016 120
248013080016 120
101010128016 120
230163128016 120
051059128016 116
201219128024 116
087225128016 116
021159128016 116
126178128024 116
101047128024 116
041017128016 116
120214128016 112
119098080016 112
093091080016 108
195231128016 108
079240080024 108
252046128016 108
174195128024 108
114002128016 108
075132128016 108
035160128024 108
003056080024 108
200016080016 104
186145080016 100
030248080016 100
233198128016 100
031031128016 96
225139080016 96
008065128024 96
118061080024 96
128081080024 96
163196080016 89
096136080016 89
225037080024 86
076111080016 86
024153080016 82
043120128016 82
032221128016 82
195094080016 82
199144128016 79
136237128016 79
189030128016 76
223095080024 76
151082128016 76
106046080016 73
106151128016 73
232012080016 70
015058080016 67
140194128024 67
082186080024 64
017031080016 59
187167128016 56
247181080024 53
137240128016 53
034188128024 48
201117128016 41
070061128016 38
091213080016 38
238053080016 34
 5