000000080002 79714
000000128016 65444
000000080016 63222
000000128024 53828
000000080024 41348
000000080004 22850
000000128002 17179
000000160002 14497
000000000000 13381
000000128017 11715
000000160018 10586
144176080016 9819
103214128016 8616
242084128016 8271
073208080016 8181
061199128016 8175
176126128016 7828
144149128016 7570
130227128016 7272
188229128016 7242
002174128016 7225
065250128016 7052
000000080017 6687
219041128016 6315
201240128016 5959
166132128016 5947
147045128016 5249
000000096002 4823
000000176016 4664
045140128016 4656
115038128016 4580
185188128016 4562
151244128016 4552
000000128018 4475
205157128016 4122
052030128016 4101
096034080016 4076
203186080016 4072
213043080016 4070
191069080016 3986
237198080016 3674
111151128016 3665
161148128016 3612
072031128016 3573
027076128016 3573
205118128016 3570
196026080016 3524
069164128016 3522
013161128016 3474
116015128016 3447
073223128016 3417
115077128016 3376
134049128016 3363
000000112002 3245
204087128016 3200
218109128016 3133
063199128016 3088
000000112018 3059
137042128016 3057
000000080020 3038
116223128016 3010
054043080016 2956
062068128016 2948
069103080016 2885
068097080016 2879
145189128016 2831
074138080016 2808
201045080016 2744
026120080016 2738
168039080016 2715
226155080016 2708
144150128016 2703
176188128016 2697
003196128016 2683
118236080016 2666
160117128016 2588
059243128016 2549
065054080016 2541
173088080016 2525
089066128016 2509
000000128194 2508
233119080016 2507
016165128016 2451
193227080024 2446
185138128016 2416
127006128016 2414
179116080016 2411
038216080016 2407
235200080016 2402
168209080016 2401
050061080016 2392
002187128016 2384
208214080024 2367
076094128016 2353
016134128016 2328
174055128016 2292
112153128016 2285
221023128016 2274
066215128016 2243
082180128016 2236
009111080016 2229
000000176002 2215
207186128016 2205
196002128016 2198
008018128016 2182
045163128016 2173
117167128016 2171
157237080024 2159
128083128016 2149
227216128016 2110
000000240016 2100
054175080016 2099
233021128016 2090
079076128016 2077
064024080016 2077
084205128016 2068
212097080016 2060
059223080016 2053
165134080016 2052
070166128016 2051
079087080016 2050
068120080016 2050
138157080016 2048
039236080016 2048
067028080016 2048
006236080016 2046
074139128016 2036
014186128016 2026
092225080016 2021
024119080016 2016
062244128016 2004
213087128016 1999
017088080016 1989
150127128016 1966
142126080016 1962
000000080025 1929
001187080016 1925
247216128016 1921
006231128016 1917
119085080016 1915
135175080016 1886
099090128016 1884
230105128016 1882
224159128016 1877
211242128016 1871
000091128016 1868
200039128016 1848
224153080016 1846
167126128016 1844
176072128016 1842
042048080016 1839
102150080016 1832
089129128016 1830
120061128016 1811
026162080016 1792
078051080016 1774
083182080016 1758
191060080016 1752
030040128016 1744
180119128016 1739
108215080016 1739
140147080016 1730
028188128016 1720
053057080016 1699
126082080016 1694
241002080016 1692
248166080016 1691
102216080016 1682
250179080016 1680
219014128016 1676
245025128016 1664
169149128016 1658
091038128016 1654
204049128016 1649
015112128016 1647
200171128016 1645
219231080016 1612
214212080016 1610
050090128016 1602
186030128016 1600
098019128016 1595
155125128016 1587
236140080016 1584
015071128016 1582
104161080016 1572
161238128016 1572
222168080016 1571
076221128016 1569
133168080016 1561
018150080016 1547
053173080016 1545
253155128016 1543
079193128016 1538
191235128016 1537
077226080016 1525
181061080016 1522
000000128025 1520
198174128016 1519
037055080016 1514
179025128016 1512
247073128016 1504
131224128016 1503
177193080016 1500
036207080016 1492
145004128016 1486
061255128016 1484
204016128016 1483
224193080016 1478
081046128016 1477
017236080016 1475
110036080016 1473
133142128016 1473
019245080024 1469
009024128016 1468
051120128016 1463
120018128016 1462
006150128016 1462
239024128016 1460
046156080016 1459
108196128016 1458
140079128016 1456
134133128016 1455
036216128016 1455
104010128016 1454
080213128016 1454
132092128016 1452
151118128016 1452
088174128016 1451
032245128016 1450
066058128016 1449
077190128016 1449
123226128016 1449
118056128016 1448
003028128016 1448
044153128016 1447
213062128016 1447
086176128016 1446
079021128016 1446
094150128016 1446
241104128016 1445
060133128016 1445
037205128016 1445
095168128016 1445
113126128016 1445
140161128016 1445
067232128016 1445
039008128016 1445
020184128016 1445
069060128016 1445
000186128016 1445
124096128016 1445
085034128016 1444
075174128016 1444
020234128016 1444
235241128016 1444
178037128016 1444
027120128016 1444
038067128016 1444
171221128016 1444
170154128016 1444
073026128016 1443
070235128016 1443
107099128016 1443
227241128016 1443
184218128016 1443
048074128016 1443
070244128016 1443
126141128016 1443
059210128016 1443
008251128016 1443
206139128016 1443
178237128016 1442
186225128016 1442
139034128016 1442
101051128016 1442
107033128016 1442
198205128016 1442
080104128016 1442
134056128016 1442
064024128016 1442
063080128016 1442
026151128016 1442
163225128016 1442
127168128016 1441
104124128016 1441
150059128016 1441
166222128016 1441
054053128016 1441
145203128016 1441
003044128016 1441
192166128016 1441
140089128016 1440
161177128016 1440
141107128016 1440
135082128016 1440
054146128016 1440
012114128016 1440
155176128016 1440
014218128016 1440
239153128016 1440
087224128016 1440
159193128016 1440
149176128016 1440
210117128016 1440
164091128016 1440
181125128016 1440
139118128016 1439
247084128016 1439
198103128016 1439
033064128016 1439
021176128016 1439
161070128016 1439
100004128016 1439
216073128016 1439
161215128016 1438
138110128016 1438
123094128016 1438
087134128016 1438
015115128016 1438
137087128016 1438
204161128016 1438
089220128016 1438
253064128016 1438
175099128016 1438
125126128016 1438
048251128016 1438
237117128016 1438
106111128016 1438
245109128016 1437
173061128016 1437
026161128016 1437
045087128016 1437
251065128016 1437
080006128016 1437
128076128016 1437
057100128016 1437
179095128016 1437
078183128016 1437
112223128016 1436
015004128016 1436
157067128016 1436
149190128016 1436
219232128016 1436
118253128016 1436
131130128016 1436
054014128016 1436
182000128016 1436
102162128016 1436
181036128016 1436
018205128016 1436
184041128016 1436
167065128016 1436
186229128016 1435
172087128016 1435
040234128016 1435
042163128016 1435
094169128016 1435
126135128016 1435
133107128016 1435
021010128016 1435
044142128016 1435
054168128016 1434
139081128016 1434
110155128016 1434
204040128016 1434
175083128016 1434
224010128016 1434
134134128016 1434
168107128016 1434
048108128016 1434
157046128016 1434
232148128016 1434
175171128016 1433
145094128016 1433
027134128016 1433
169162128016 1433
167191128016 1432
118148128016 1432
164003128016 1432
132123128016 1432
011129128016 1432
059254128016 1431
158152128016 1431
022253128016 1431
190086128016 1431
164206128016 1430
082090128016 1429
120148128016 1428
129111128016 1428
106241128016 1428
170240128016 1427
017062128016 1427
065039128016 1427
243055128016 1427
104233128016 1426
221247128016 1425
234167128016 1424
139122128016 1423
074060080016 1423
077162128016 1421
080085128016 1419
222029128016 1414
070011128016 1414
254045128016 1413
249063128016 1412
014016128016 1412
081141128016 1411
238245128016 1410
253205128016 1410
076176128016 1410
053069128016 1407
104203128016 1406
247217128016 1406
143082128016 1404
210222128016 1403
229233128016 1400
144109128016 1400
065205128016 1399
110216128016 1398
116066128016 1398
050177128016 1397
122242128016 1397
121039128016 1394
146161128016 1394
004163128016 1393
073004128016 1390
032056128016 1385
205196080016 1384
030244080016 1381
021080080016 1381
144187080016 1379
119241128016 1378
188083080016 1378
099126080016 1376
145054128016 1376
059053128016 1376
076197128016 1375
101229128016 1374
162180128016 1368
072240128016 1367
062158128016 1362
082186128016 1360
099080128016 1358
089233080016 1357
214174080016 1354
182166128016 1354
043100128016 1354
062004080016 1352
175050080016 1351
233197128016 1350
075090128016 1350
070190128016 1349
087217080016 1348
053150080016 1345
148234128016 1344
037190080016 1344
072043128016 1342
162094080016 1342
094163128016 1336
112138128016 1335
066052128016 1335
165238128016 1333
012011128016 1332
127178128016 1328
125051080016 1327
036132080016 1325
127064128016 1319
228091080016 1318
117205128016 1317
149078128016 1315
079239128016 1313
146249128016 1313
235035128016 1313
063202128016 1310
115249128016 1309
148162128016 1309
196160128016 1307
155152128016 1302
003219128016 1299
112242128016 1298
126197128016 1296
068252128016 1294
178034128016 1287
235086128016 1280
065199128016 1279
217099128016 1278
019170128016 1276
233031080016 1276
236041080016 1276
203123128016 1271
002043080016 1268
214111128016 1267
187218080016 1264
036236080016 1263
090076128016 1263
007061128016 1262
239001128016 1259
118132080016 1257
037067128016 1255
249084080016 1255