000000080002 78528
000000128016 65428
000000080016 63016
000000128024 52766
000000080024 40566
000000080004 22653
000000128002 16575
000000000000 14140
000000160002 14116
002246128016 13871
065250128016 11754
175050080016 11249
000000128017 11069
000000160018 10061
122110128016 10018
094117128016 9141
188139128016 8438
073208080016 8179
061199128016 8176
219041128016 8156
176126128016 7832
160038080016 7225
050232128016 6967
000000080017 6596
199136128016 6305
100216128016 6244
090036128016 5954
173064128016 5863
069164128016 5485
102215128016 5356
133104128016 5304
036150128016 5131
239160080016 4941
054179128016 4777
000000096002 4672
030096128016 4528
144176080016 4460
148210128016 4435
124254128016 4399
134049128016 4286
000000128018 4257
000000176016 4193
056218128016 4059
159170128016 4033
136155128016 3868
035241128016 3865
178199128016 3747
148085128016 3506
075188080016 3505
170232128016 3502
203015128016 3497
056143128016 3489
196026080016 3439
163002128016 3338
214048128016 3326
074138080016 3305
130227128016 3274
205157128016 3262
011007128016 3137
000000112002 3115
111151128016 3110
102072128016 3054
193227080024 3044
009016128016 2970
178178080016 2923
204049128016 2903
062011080016 2885
000000128194 2881
000000112018 2876
040195080016 2852
208214080024 2849
002043080016 2847
168039080016 2846
243155128016 2835
069103080016 2833
068131128016 2798
231198080016 2778
158133128016 2760
072031128016 2745
161148128016 2721
084205128016 2715
000000080020 2691
041046128016 2666
162230128016 2639
053068128016 2634
097173080016 2628
209196128016 2583
017236080016 2562
079121128016 2509
000000240016 2482
205118128016 2461
218109128016 2460
216040128016 2457
150127128016 2403
152206128016 2377
251181080016 2364
127006128016 2362
226155080016 2358
207000128016 2357
124209080016 2311
106110080016 2303
237084080016 2295
102157128016 2293
025250080016 2285
127188128016 2284
211242128016 2279
132097128016 2262
010031080016 2255
174021080016 2236
200177080016 2218
008018128016 2195
125051080016 2194
025172128016 2194
064024080016 2183
002151080016 2167
062041080016 2133
233021128016 2118
247216128016 2101
064147128016 2096
135175080016 2077
000000176002 2069
175067128016 2067
136053128016 2064
029022080016 2054
165134080016 2053
065169080016 2052
070166128016 2051
039236080016 2051
068120080016 2050
185132080016 2049
015112128016 2046
006236080016 2046
059223080016 2042
050094128016 2041
051119080016 2038
020042080016 2037
156218128016 2029
069223080016 2007
148126128016 2003
138036080016 1980
013245080016 1959
000000080025 1953
224053128016 1944
181061080016 1935
108215080016 1911
035123080016 1880
021080080016 1869
140147080016 1867
095210080016 1865
250179080016 1847
201176128016 1846
148225128016 1826
017088080016 1810
245213128016 1808
023204128016 1787
029052128016 1786
167126128016 1776
000000208016 1758
094078128016 1756
026082128016 1752
128248128016 1743
136065128016 1741
069141080016 1734
015071128016 1717
115242128016 1717
214212080016 1717
109019128016 1708
238245128016 1708
166197128016 1690
061238128016 1688
162052128016 1686
037031128016 1685
121039128016 1666
128083128016 1666
085029080016 1665
104161080016 1662
071244128016 1658
054155128016 1658
160021128016 1648
030040128016 1647
250081128016 1643
120061128016 1633
062244128016 1628
176030080016 1622
161238128016 1618
062004080016 1618
251167128016 1615
026036080016 1613
159125128016 1610
177193080016 1606
110036080016 1605
047121080016 1601
050177128016 1596
200171128016 1594
157237080024 1591
182166128016 1590
087241128016 1588
135231080016 1587
136208128016 1583
176009080016 1581
013231128016 1577
095168128016 1576
222238128016 1576
067119080016 1552
241127128016 1550
146249128016 1546
183234080016 1545
214066128016 1542
253155128016 1540
191235128016 1540
109210128016 1519
102150080016 1518
191069080016 1514
129223128016 1506
024152128016 1500
182178128016 1500
234167128016 1494
024228080016 1494
018034080024 1494
105215128016 1494
061255128016 1492
171171080016 1489
061058128016 1488
152242128016 1487
046146080016 1483
163213128016 1482
155125128016 1475
180119128016 1471
178034128016 1470
193036128016 1470
196094080016 1467
224193080016 1466
076232080016 1462
160218128016 1462
074104128016 1461
038221128016 1459
053173080016 1458
188122128016 1456
160255128016 1456
148159128016 1455
033140128016 1455
144078080016 1454
023176128016 1454
070150128016 1452
239038128016 1452
201219128016 1452
036132080016 1451
023141128016 1451
041098128016 1451
018104080016 1450
033036128016 1449
155076128016 1449
141018128016 1447
096111128016 1447
056198128016 1447
141213128016 1446
131055128016 1446
141199128016 1446
173000128016 1446
118112128016 1446
193177128016 1446
010032128016 1446
124204128016 1446
121207128016 1446
212033128016 1446
037059128016 1446
039059128016 1445
047229128016 1445
042152128016 1445
108162128016 1445
143249128016 1445
137175128016 1445
253061128016 1445
068132128016 1444
172061128016 1443
156217128016 1443
156226128016 1443
064042128016 1443
029032128016 1443
079241128016 1442
125095128016 1442
247094128016 1442
249023128016 1442
066118128016 1442
140221128016 1442
047082128016 1442
145136128016 1442
235160128016 1441
244134128016 1441
232082128016 1441
126209128016 1441
058132128016 1441
028106128016 1441
135235128016 1441
201232128016 1441
112114128016 1441
015232128016 1441
034208128016 1440
160081128016 1440
044233128016 1440
111191128016 1440
057069128016 1440
134083128016 1440
061128128016 1440
210002128016 1440
046212128016 1440
119197128016 1440
151017128016 1440
207159128016 1440
146158128016 1440
069225128016 1440
009220128016 1440
107108128016 1439
104210128016 1439
015053128016 1439
128177128016 1439
050114128016 1439
150047128016 1439
152095128016 1439
149087128016 1439
243128128016 1439
120145128016 1438
099239128016 1438
000004128016 1438
126131128016 1438
013143128016 1438
250222128016 1438
243055128016 1438
067042128016 1438
095069128016 1438
114127128016 1438
164007128016 1438
254174128016 1438
039187128016 1437
029012128016 1437
245002128016 1437
219002128016 1437
108160128016 1437
062197128016 1437
121117128016 1437
073093128016 1437
074107128016 1437
137229128016 1437
098007128016 1437
166057128016 1437
169169128016 1437
156230128016 1436
143176128016 1436
129091128016 1436
177200128016 1436
181081128016 1436
042160128016 1436
191130128016 1436
154105128016 1436
057169128016 1436
092032128016 1436
153213128016 1436
169217128016 1436
037222128016 1436
086057128016 1436
250069128016 1436
144091128016 1435
183140128016 1435
152135128016 1435
142011128016 1435
141216128016 1435
097050128016 1435
187037128016 1435
144149128016 1435
135028128016 1435
152045128016 1434
082249128016 1434
094008128016 1434
032091128016 1434
132179128016 1434
031015128016 1434
095117128016 1434
175125128016 1433
050146128016 1433
158032128016 1433
136163128016 1433
105044128016 1433
158001128016 1433
115184128016 1432
103236128016 1432
116062128016 1432
053055128016 1431
064190128016 1431
031133128016 1431
023044128016 1430
051010128016 1430
120191128016 1429
238199128016 1429
030230128016 1428
231141128016 1428
213250128016 1428
010240080016 1427
113104128016 1425
000000128025 1425
161249128016 1425
011171128016 1424
250000128016 1424
005185128016 1423
185006128016 1422
101113128016 1421
035112128016 1420
213196128016 1417
134244128016 1415
226187128016 1409
197054128016 1408
053017128016 1408
223208128016 1408
080082128016 1406
175115080016 1405
121159128016 1403
009161128016 1402
127133128016 1402
047083128016 1400
029126128016 1399
056056128016 1399
168166128016 1398
224060080016 1397
061009080016 1396
089121128016 1391
206045128016 1384
136130128016 1382
041009128016 1382
200056128016 1376
046179128016 1376
173109128016 1375
002187128016 1374
052012128016 1374
144044128016 1373
065011128016 1372
178251128016 1367
049164080016 1367
017156128016 1367
230105128016 1360
012245080016 1360
019245080024 1360
237048128016 1357
229233128016 1355
104203128016 1350
047029080024 1350
252162128016 1350
049226128016 1348
096204080016 1348
094042128016 1346
062234080016 1345
191060080016 1330
019014080016 1329
125090128016 1329
040165128016 1322
034174128016 1318
054091128016 1318
243253080016 1316
198044128016 1316
197036128016 1316
174027128016 1316
007028128016 1314
172024128016 1312
101002128016 1311
016196128016 1310
156122128016 1308
064248128016 1306
051096080016 1306
155152128016 1303
187206128016 1303
028061080016 1302
042060080016 1301
056064128016 1300
077167128016 1299
169149128016 1298
055238080016 1298
193139080016 1295
042048080016 1288
119100128016 1286
181089128016 1283
250238080016 1279
140079128016 1278
176131128016 1277
179203080016 1274
239001128016 1272
115219080016 1268
205196080016 1266
038123128016 1263
074060080016 1261
219017128016 1257
107151080016 1254
204016128016 1251
157208080016 1247
199084080016 1247
025166080016 1236
012011128016 1235
237233128016 1233
187218080016 1228
056015128016 1225
248166080016 1222
107206128016 1212
116190080016 1212