045238063168 110160
045238063231 99927
192254032037 67751
045238063216 66266
081068054104 65334
045252050189 62958
139053119011 60287
045252050109 59870
045031009016 58563
192254050149 50558
192254039115 48058
206142144060 38338
193194027169 37813
193232251075 37493
080189185222 33916
079124061175 33718
161097176110 32394
047152052073 29560
045252050157 28427
092206056043 27952
039107157211 27728
089135101222 27680
045242148143 25688
103241177097 24260
183047030220 23186
092206056089 22751
089135101049 22380
092206057073 21804
198070246086 21678
110190019029 21338
192254041137 20216
193194026193 18698
045242148223 18622
089135101221 17159
142173238140 17121
185107180240 17067
089135101053 16611
185006041120 16087
165249154078 15745
174244101086 15479
074127213144 15300
089135101052 14843
185072009086 14696
079124061210 14476
078032113130 14384
193249023206 13811
089135101061 13800
037254234100 13538
089135101103 13366
072239229147 12793
051173064180 12429
075122147237 12070
089135101119 11866
092206056035 11644
188116053051 11245
045252050132 10958
192254040115 10296
183047030241 9536
193194026040 8557
106050170039 7998
054036004042 7951
054036141234 7854
051113079156 7749
089135101152 7111
051164031120 7051
139053032199 7022
045074194204 6783
062223096074 6616
122216142111 6338
177127031164 6308
142215146150 6308
075122147254 6295
104076051178 5818
185006040050 5550
051164028153 5537
080189182119 5472
089135101155 5420
193194027200 5415
122228012144 5384
045252050078 5265
045247181152 5230
091016173000 5110
036243054242 4653
203194180154 4608
161097075149 4575
107186252108 4202
183047030218 4176
046040043060 3953
089135101166 3792
185016231216 3708
142015002208 3707
181126227070 3639
119012254250 3618
058203162051 3585
074127213142 3391
079124061000 3327
074127213133 3326
106048184021 3218
104004039051 3163
074127213229 3152
046040042226 3119
103241177177 3001
139162247088 2998
167136166186 2982
058072062005 2982
080189185134 2955
074127213154 2955
194027187208 2928
167136166167 2918
066000222222 2885
167136166245 2880
045222127117 2879
074127213139 2867
203234174115 2836
074127213237 2826
158186026009 2787
074127213131 2783
074127213140 2771
124123113085 2767
167136166161 2743
074127213156 2736
074127213134 2722
167136166250 2707
174244103103 2702
167136166241 2699
074127213236 2692
074127213132 2684
074127213138 2656
080189185033 2655
074127213128 2642
071199084108 2637
135118194192 2613
074127213227 2611
167136166165 2604
167136166170 2604
167136166190 2590
074127213136 2583
018080010116 2583
167136166178 2553
074127213146 2536
074127213129 2533
167136166188 2518
167136166162 2516
079124061201 2513
167136166246 2496
074127213141 2488
167136166175 2486
167136166166 2454
077121107173 2445
188138226071 2442
167136166173 2419
167136166164 2414
094153177209 2411
167136166247 2407
071199022232 2402
074127213230 2401
103241177045 2374
185202021233 2373
074127213226 2371
167136166254 2370
074127213149 2363
074127213150 2355
074127213145 2353
093169191093 2351
061180147130 2338
074127213143 2336
074127213137 2320
074127213235 2315
167136166252 2311
167136166160 2305
167136166163 2296
167136166171 2292
167136166242 2289
074127213130 2289
074127213147 2274
167136166182 2272
167136166248 2270
167136166169 2264
074127213151 2263
167136166244 2259
167136166240 2259
133218212225 2256
167136166184 2256
167136166183 2242
167136166249 2238
203194183185 2218
045230225223 2217
074127213158 2216
167136166180 2213
074127213155 2212
203234174058 2208
074127213239 2197
167136166253 2194
074127213232 2185
167136166179 2181
167136166168 2166
051173182135 2162
074127213159 2160
074127213153 2153
203194185198 2149
103077174225 2149
167136166189 2147
037254239167 2139
074127213148 2137
074127213152 2132
167136166172 2123
167136166177 2120
074127213224 2109
139129067172 2109
167136166181 2103
074127213238 2093
082103103101 2089
194062230058 2087
045241221156 2073
181240163009 2071
167136166255 2061
185045227005 2053
167136166243 2045
074127213231 2020
167136166174 2013
074127213234 2008
064030237244 2007
167136166185 2005
167136166191 2002
074127213157 1998
167136166187 1988
074127213135 1987
074127213225 1986
203194188243 1979
088240116142 1969
104045080230 1967
018064097211 1966
071199022234 1952
045242148094 1931
104022102028 1911
203194188136 1892
167136166251 1891
074127213233 1879
071199022235 1869
185037069223 1850
071199039023 1816
167136166176 1791
052182161161 1779
060194163151 1770
046153096071 1758
031072109175 1736
071199022237 1707
074127213228 1694
185016231220 1675
185016231221 1672
005002056073 1658
178248018158 1654
071199022231 1652
051190174079 1639
104023203229 1630
104067129208 1626
095062068191 1620
159161039115 1611
193135136023 1604
170034187008 1600
094016087141 1598
104079124201 1591
051231124131 1589
170034187046 1579
208071148036 1578
128216164237 1565
128216227189 1555
170034187004 1551
202166059101 1547
203194185209 1546
104079124225 1513
075122151077 1486
147198189192 1478
170034187031 1477
077182104247 1460
092134174222 1454
045241221157 1449
104045080220 1448
185016228240 1442
107172148181 1425
089221246075 1424
128216189235 1421
107186254208 1413
094016081116 1412
092134175034 1402
202193084113 1388
185045227053 1378
159161232185 1364
094027103076 1360
128018209146 1353
104045080242 1347
092134174205 1340
185045227029 1337
046153047074 1335
142173237154 1333
092134174202 1327
185045227025 1327
047126125157 1326
129087035185 1322
133199122117 1320
167099045031 1315
167068026249 1313
185045227058 1307
185045227021 1297
092134174253 1295
185045227018 1281
104045080190 1280
116219239231 1273
185045227062 1264
185045227037 1261
167212098186 1260
071199100024 1257
092134175010 1253
104079124237 1245
185045227010 1237
104045080214 1230
185045227001 1229
092134175029 1227
138197194133 1225
170034187038 1224
163189161018 1219
071199066215 1216
121239144104 1210
092134175021 1206
092134174250 1205
170034187048 1203
087127235111 1197
092134175061 1196
123204059048 1195
203194180138 1195
066000239073 1194
103180053053 1189
219173106163 1188
119171211147 1176
133218145055 1175
104045080238 1171
104045080253 1169
188228032007 1165
104045080183 1163
162252229030 1159
157026241132 1157
170034187063 1141
092134175025 1139
082175085247 1136
037084110090 1126
066000195146 1126
163206168085 1124
104079124253 1123
206142075004 1122
104045080247 1110
104045080217 1108
185045227014 1107
092134175001 1104
051190168109 1098
104045080192 1096
188228242093 1096
064028108185 1093
031093148067 1092
089135111236 1087
139162226062 1084
170034187013 1077
181191015215 1060
185045227033 1058
157026026104 1057
092134175017 1056
104079124232 1050
207247023201 1044
104045080204 1043
104079124214 1040
092134175053 1040
104079124248 1039
104079124196 1039
001244083078 1038
128018209141 1036
071199077070 1034
080185041189 1029
104079124223 1029
014119034000 1025
092134175013 1024
122166011198 1021
113096147210 1019
106049051066 1018
140137064194 1016
139162036242 1016
104079124211 1015
202009119021 1014
159045170254 1013
101029018177 1009
104045080224 1007
107169099002 1005
185045227042 1004
170034187033 1001
157009066132 1000
192254009039 997
142173242201 994
092134175058 989
104079124231 989
220080107024 989
147204083108 986
071199077069 981
104045080200 980
027039075234 969
104045080198 967
222084081137 962
071199102007 960
218179116224 959
139177046124 954
014179071088 953
061128229107 953
219177255243 946
120180125185 944
110012063116 939
092134175042 932
066000208022 931
068246072056 924
192254052035 922
134062211117 921
163206243111 920
027043156196 919
113178046208 919
104008127225 908
172104242093 907
045242148155 905
221124126032 905
159161169140 898
210241035049 898
115103231016 898
203122249025 890
159045013122 884
161029017031 881
162252017169 881
203194159011 880
128216107077 880
080161248217 878
170034187041 878
060131134209 876
118201156115 876
071199076127 876
203194183176 875
128018209130 875
203194190067 871
085076247253 863
045240224084 859
161029020045 859
175018040134 856
106051129149 851
104079124217 844
196179218229 837
182090244124 837
104022116161 836
194062230012 835
134062155210 834
134062136238 834
216118138246 833
106050212127 833
085072011051 825
188228164194 823
165099120254 820
182124184214 817
157026247121 816
165249130163 815
128030001216 812
128018209201 810
107133073208 810
183149105183 809
045229162184 806
061243180179 802
051164022203 796
170034187055 788
203118108133 785
172105245025 783
059247159239 779
198070217032 778
089175117230 776
045033199097 774
139162187091 774
172104187112 770
194154113186 768
061223130226 765
219186213049 763
128018209157 760
046153143235 754
209030111193 748
069180238068 748
031209219067 746
042131227092 743
202009119023 741
172105145109 729
045057078188 725
198070211054 724
185006042234 724
120180106149 723
172105144253 722
167068058230 721
172105148006 719
096142025249 717
134062086071 716
045156000060 715
157026232144 712
134062165094 712
203194184186 712
045057047208 711
078032112243 710
104079124242 707
178173146043 707
042198155238 704
185045227049 704
172105089181 702
045085128096 699
066024081177 696
045085139065 694
106051205157 693
005246001140 692
159045073038 688
050123148230 686
159045088027 684
133218139121 682
178127251250 677
172105148002 676
172105216000 671
142173028017 670
106008196238 666
202009065188 664
186115040054 663
207183048048 658
005219222202 658
172105193082 658
119230118037 656
172105186187 656
209097071241 654
172104002208 652
018103043186 652
094199074132 652
185006043109 649
188228239187 644
139053225172 639
157026222113 632
146055039122 632
203194183188 632
061208128140 629
172105160098 627
161029092136 623
064028067189 619
165249045128 619
180191139233 619
106051207164 616
139162159038 610
016226083177 606
172105033173 606
092134175049 605
094153177185 605
172105209102 604
141099175157 602
192187216129 601
213175007003 601
183148220117 600
185099224008 600
045057179228 598
101029037174 597
209030110213 596
209030110240 593
069219042145 587
005132158221 583
078036176155 581
101120175165 581
203194190173 578
106050020032 577
167212108096 575
016226096169 575
159190080135 573
209030111015 568
139053100011 567
078032112238 562
177200150149 561
128030001220 558
202081118226 554
133218139008 553
067182161203 553
103227186073 547
172105207241 544
185105007218 542
205049011041 539
104023196061 539
171214092210 535
154016195124 534
185213120177 533
205049013200 532
208071151075 532
128018209154 527
159161041036 526
065253233206 522
172105196141 522
202004030145 520
202193082036 519
172105238242 519
203194191141 519
162254162143 519
209205240243 514
133218253194 513
176060110223 513
054178045174 512
182242083145 510
161029140080 509
045048091118 506
174244048080 505
013129171016 505
172104091036 502
014030242109 502
104008093189 499
195054040216 499
185089208011 499
142173026053 498
109127059090 496
018103090244 493
142173146230 493
106085086232 492
142173223164 492
050123132152 490
180168232113 484
193028099027 483
052160184041 483
037115235054 482
062204024195 480
082164042196 474
202193083000 469
209205243140 465
138071232068 465
054089165225 464
209205251195 463
134062104166 459
133218139010 459
119114156046 456
204020252113 454
185054154243 453
170034187000 453
003062167001 452
180168242210 452
050123176072 449
054233092165 448
172105016072 448
047145203237 447
106050149164 445
104067134113 444
104023053202 444
081070081042 444
069148070005 442
123247084060 440
209205234025 438
106051217189 437
018055244240 437
193128138116 435
114115044240 434
034025098008 434
172104111223 432
018048144247 431
106050083118 428
054140227015 427
222225216201 427
052186110175 423
038181029206 422
185075189021 421
172104089125 420
188228221178 418
192099163176 418
193017000019 416
047155061213 416
203194191187 415
163189079084 413
193046146171 413
054229115212 412
161029207058 411
209205226146 410
034051240018 409
170034187025 407
013106192210 405
049239098202 404
172104070125 396
113105111018 395
038181029241 394
069013074224 394
202193082000 394
213108170201 393
047154203055 390
106051224232 389
069148070006 388
139162113180 387
139162094056 386
220198055030 386
034053119195 385
195122033021 385
202009093065 383
124120227204 383
046153027197 381
162138123239 381
209205253120 380
209205233200 380
013143165035 379
034027056001 379
203194162022 377
051113099167 376
205049002167 376
045115245121 376
139162115154 376
018043252020 376
003198127072 376
203194190036 376
155090007051 376
167068158235 375
045085106038 373
018032048064 373
203110215018 373
133218102012 371
089038211124 370
104023160054 370
034046054134 368
157026226007 366
082011128250 365
054128230059 364
139162080172 364
139162084156 363
045238186085 362
015233115038 360
003063116177 360
172104118043 359
133199122012 357
018024062248 357
052075048252 356
139162124250 355
139162066036 354
051164167196 354
051169008212 354
069154247251 353
045018108001 353
172104091077 352
139162118246 352
221207238193 350
134139169034 350
162138123108 349
002017104132 347
139162110062 347
121031122147 347
152048030220 347
220250029019 347
082094036190 347
162138123125 347
193128062037 347
018055061123 347
167212129233 347
138063183029 347
203194183174 347
178166144097 347
180153255116 347
165249173232 346
223015169023 346
065253172048 345
047104134028 343
103245080157 341
058181113241 341
172104113203 324
142173080068 324
031056042042 324
034026047038 324
139162105083 324
045065090245 324
202009101006 324
106050208138 324
060206129044 324
118220024048 324
061024143166 324
172104111096 324
142173138223 324
172104122157 324
183036007119 304
203194184081 304
185034026150 304
139162120121 304
044160022059 304
054185099167 304
124184018124 304
157026021225 304
198156077068 304
001010068205 304
128018209226 304
175171191092 304
172105060036 304
172104126052 304
188234067074 304
008001152148 304
163189096125 304
198063105254 304
202193084045 304
185089208010 304
144084201088 304
013241090139 304
111024076058 304
163189079042 304
018022060174 304
154016169188 287
003040038059 287
120248100242 287
069148070022 287
123048064203 287
120249174008 287
098114151205 287
138197160073 287
209030111253 287
091019245101 287
069148070031 287
125239127234 287
074076116148 287
035013030105 287
162138123097 287
163189059015 272
133218145200 272
106051171202 272
038181029216 272
106085124005 272
202009065034 272
170149209117 272
024212239144 272
133218139140 272
052203092037 272
112013244097 272
123048090094 272
064028032133 272
117002087052 272
192003160232 272
122159041255 272
045085109062 272
220086108019 272
189129128175 272
018122207215 272
001001032224 272
089131094176 272
018017084184 272
178248241068 272
034020225001 272
163189096083 272
098103042228 272
185089208015 272
183035232222 272
159161031073 272
139162099056 272
188228038063 259
209205226043 259
155167002024 259
209205245078 259
163189224029 259
133199161223 259
058067088197 259
133218145209 259
162138123107 259
064030237066 259
052188208216 259
013107172225 259
203194190172 259
223006098044 259
182029085146 259
218185196023 259
202009077001 259
162138123115 259
104067228207 259
104045080177 259
052068110048 259
129076085109 259
106050089030 259
182167098158 259
013105122242 246
133010048003 246
095220044107 246
117002124005 246
211159085003 246
163189096127 246
018089196203 246
047144192199 246
162138123124 246
128018209133 246
046109249097 246
118043121232 246
203194183171 246
178127029242 246
109178116062 235
167068175074 235
106050117037 235
051169057063 235
132104019058 235
185039094021 235
167068174248 235
188228063103 235
163189081238 235
134139255214 235
045227199218 235
142173239062 235
188228059052 235
178248204107 235
018120044249 235
177163113029 235
203194189255 235
185059182170 235
054068073227 235
124120072154 235
188228037207 235
203194185083 235
162138123096 235
068171104201 235
163189036225 235
039111176140 235
124253007174 235
106085029012 235
064028041196 235
067182166191 235
162138123120 235
059137176232 235
104058161187 235
163189096082 235
134139242005 235
047154172240 235
192254039162 235
159161054072 235
133218145241 235
203194188246 235
065255194044 225
106085146050 225
162138123113 225
091024169146 225
045252050117 225
172104079172 225
203194176242 225
049050173164 225
162138123112 225
104023179120 225
123111098054 225
163189096126 225
107191028231 225
163189096080 225
080236250151 225
188228054090 225
162138123119 225
163189074248 225
162138123121 225
049145221133 225
163189096124 225
162138123217 225
103245175073 225
203194181036 225
041229098255 225
170034187022 225
064028037178 225
052070216180 225
162138123213 225
106085033104 225
197006060077 225
013101048253 225
162138123123 225
163189096122 225
162138123127 216
104008095022 216
188228039050 216
199135222223 216
104008091100 216
069148070016 216
003204254195 216
221093249020 216
202223166241 216
003069220142 216
188228039175 216
051228027006 216
188228117116 216
162138123109 216
179253156112 216
188228039195 216
163189242006 216
203194169100 216
188228033222 207
162138123122 207
184016124053 207
213220155005 207
106009103174 207
133218140238 207
106085149064 207
203194190252 207
167068220140 207
188228061053 207
162138123117 207
054205110077 207
106085181039 207
045113039144 207
188228062008 207
163189198040 207
188228060038 207
134108204157 207
163189228215 207
162138123025 207
191254244068 207
139216037149 207
176115211242 207
163189097094 207
117002076001 207
134139241074 198
163189097097 198
188228050240 198
193135138101 198
134139242209 198
106085053016 198
162138123208 198
162138123101 198
162138123114 198
134139241071 198
128216040084 198
188228065189 198
152048185057 198
106051054015 198
059255198185 198
092134175037 198
034031055135 198
035089250239 198
106085007197 198
003047089187 198
014018163194 191
121214170116 191
104045080211 191
202193085018 191
101216140102 191
188228058218 191
203194189115 191
162138123027 191
203194184012 191
202193084174 191
162138123099 191
134139246177 191
101047175057 191
121239061102 191
064028044159 191
049001237123 191
123111195131 191
185045227045 191
124103036060 191
171066073182 191
101160061224 191
202193084092 191
172246192165 191
185225022003 191
162138123021 191
193003246027 191
162138123020 191
111025050178 191
157009053027 183
203194176057 183
113199253220 183
112098142077 183
117002027074 183
203194189024 183
162138123022 183
188228062135 183
003147163191 183
013140163021 183
059231107186 183
188220017036 183
045086183242 183
162138123209 183
060002075198 183
117002075037 183
121055029104 183
117002067204 183
101121228219 183
090094189237 183
162138123210 183
162138123100 183
180168000085 176
188228059112 176
202004025122 176
047148092132 176
067181177217 176
117002026219 176
162138123110 176
122003101155 176
106085124012 176
162138123105 176
079078139210 176
081070156155 176
133218148082 176
005132201160 176
134139241066 176
104079124246 176
162138123098 176
162138123215 176
121055029243 176
008003053187 176
047152123047 176
095208209079 176
163189014120 176
178127033220 176
106085041191 176
106085073042 176
162138123018 170
071126035238 170
163189097099 170
094194153147 170
178248238161 170
186028084095 170
162138123214 170
054237205161 170
163189097095 170
188228054239 170
202009093127 170
133010049001 170
162138123126 170
045011006183 170
106050208220 170
194053183012 170
188228247108 170
045251230146 170
103075222141 170
093125191206 170
106085056249 170
003047216204 170
162138123218 170
211224110128 170
121101015072 170
188228050059 170
192176131106 170
008009243217 164
106085109121 164
163189074145 164
162138123111 164
111024226131 164
106085060042 164
117218034011 164
059245137210 164
113058081189 164
202182120149 164
162138123221 164
203194190000 164
121228218099 164
218179151248 164
082122198031 164
106127089205 164
167068240206 164
088036090130 164
162138123222 164
091024171212 164
054204072132 164
005187071115 164
047123166011 164
206142119128 164
104023033043 158
164196033069 158
068249165086 158
163189097096 158
049238182040 158
213023114003 158
013101135071 158
034055186193 158
133218137225 158
133218182014 158
203194186157 158
162138123026 158
180150080118 158
164196033072 158
107148189079 158
078154056009 158
133218158161 158
205049003083 158
050127056143 158
131103194196 158
163189074211 158
117002063067 158
039102144088 158
106048074240 152
163189097092 152
118123238073 152
003070183010 152
163189097103 152
202193084058 152
140137016054 152
133218137240 152
163189097093 152
014158243201 152
161029226133 152
202193084107 152
180168135220 152
069148070018 152
156174232055 152
163189066010 152
103149005158 147
163189111029 147
054147199205 147
047104173159 147
202193083044 147
101047070182 147
182100071047 147
162138123031 147
162138123029 147
202004025127 147
133218146033 147
074127213216 147
047144018063 147
119085212111 141
155196080059 141
162118028111 141
090099142187 141
052065067199 141
106050179024 141
212160071118 141
162138123220 141
217215212158 141
047155067062 141
202193082146 141
090099074084 141
123050050079 141
171066072148 141
106085179227 141
202155112125 141
116058092143 141
158154000027 141
035111184205 141
047149076136 141
008001067164 136
067181170070 136
223054145013 136
118194203098 136
047159023006 136
162138123019 136
222081054096 136
121216140159 136
164196033089 136
165249149003 136
177163114098 136
054208058026 136
203001238029 136
121216027146 136
024199030028 131
094043050095 131
090065009224 131
047143126247 131
042000176199 131
078004136076 131
081071100114 131
121228203083 131
203194180181 131
051228089064 131
054166159046 131
202004027062 131
152048098177 131
049144047009 131
047140171034 131
059156224217 131
175155021088 131
114245238226 131
069148070001 127
172122209254 127
163189090243 127
202004028014 127
205124196228 127
203194190002 127
003073197200 127
120170053193 127
167068057085 127
116219244117 127
131103195058 127
061033200089 127
125143159023 127
061183212048 127
120180144195 127
203194189121 127
059203009040 127
106085005210 127
178127149070 127
101217054130 127
035176116002 122
035047027008 122
071116017159 122
106085190132 122
074088149170 122
042127009242 122
203194183169 122
045033203050 122
005136008169 122
128216099221 122
192034169088 122
203194190234 122
192003202238 122
133218171103 122
106085179159 118
128216114127 118
117002046039 118
064030191172 118
202004030168 118
069144198053 118
069148070002 118
193046146246 118
001041139205 118
163189053246 118
202009064229 118
133232026244 118
003144208007 118
117192086195 118
073059060226 118
068246135077 118
037123109140 118
023188085088 114
163189082015 114
112088096182 114
047181086124 114
068225018057 114
163189159125 114
078095191053 114
087254017193 114
203194185114 114
185118129002 114
047181069185 114
003145144002 114
027069203183 114
172087194237 114
114074170002 114
106027240067 114
049239240078 114
164196033074 114
192034169091 110
203194190226 110
163189068221 110
220199141205 110
120248246254 110
202237149163 110
036208148216 110
052244143087 110
059139033242 110
121101026047 110
164196033079 110
113221084075 110
003147055212 110
112016070087 110
074105204115 110
052248005054 110
104100181013 110
088030009005 110
120203094241 106
133218137243 106
117035016240 106
203194169002 106
106050181046 106
120180096188 106
192034169092 106
162118027238 106
163189068216 106
081090029051 106
138071126030 106
121238150233 106
039105049078 106
211039110062 106
120171133063 106
203194178028 106
117002016047 106
018016212055 106
061086068126 106
163189022195 102
047153213023 102
192034169101 102
162138123054 102
198248207117 102
052226049016 102
122003138227 102
133218001017 102
146052129251 102
133218253003 102
103158091091 102
203194186213 102
047158109095 102
147198025034 102
202193083164 102
222252155109 102
192229024112 102
116247115016 98
096249014083 98
081092121005 98
163189074144 98
114245089067 98
119108184198 98
203194174010 98
203194190104 98
092252251023 98
066009099086 98
202193084143 98
008008177153 98
192034169110 98
163189240252 98
120168139059 95
164196033091 95
203194189037 95
093091031186 95
192176198071 95
003068246188 95
202193083131 95
059159078107 95
202193084030 95
218242231031 95
079136087167 95
111024173072 91
116244213192 91
103087229050 91
163189065237 91
163189083018 91
192034169081 91
035176125181 91
123049133020 91
220118210073 91
202009082080 91
139129213114 91
202193084100 91
163189025222 91
203194182240 91
201210123111 91
052071082132 91
212156241144 91
047144069184 91
163189245044 91
164196033093 91
177047220217 91
220116018064 91
202193084037 91
163189074249 88
042124064195 88
003192061114 88
163189086244 88
012159067207 88
054095051126 88
121217005181 88
163189018241 88
042061079234 88
117207050026 88
041098031004 88
192099163179 88
192034169103 88
170149149065 88
171208072234 88
202004030115 88
008003010085 88
163189210008 84
062204162234 84
008005102079 84
163189111033 84
163189039002 84
203194169004 84
163189225053 84
220092016251 84
195135217142 84
118046240097 84
038181029218 84
202193083065 84
203194176054 84
059158241147 84
164196033085 84
163189149193 84
047250225141 84
133199122059 84
133218085000 84
058202251191 84
101120131221 84
008006097238 84
078038249148 84
119159095170 84
116058075104 84
059046169094 84
196184095077 84
202193083121 84
146052129252 84
159161081134 84
039088248120 84
143108179061 84
203194181142 84
146052129245 81
122003078072 81
203194186017 81
014049116186 81
163189069234 81
203194191188 81
045209131063 81
163189132244 81
133218146124 81
047140135155 81
060148186247 81
111026051064 81
163189057010 81
203194168009 81
190151242134 81
163189132224 81
203194162018 81
118116244180 81
163189184225 81
190230012076 81
081170182158 78
049050055211 78
163189074209 78
095190114088 78
163189179018 78
176042249020 78
114067210151 78
027039121142 78
121034077048 78
202004030219 78
008001228205 78
222232205249 78
093109126194 78
133199122115 78
133199122052 78
051030114202 78
113199253218 78
094116077099 78
120083043181 78
163189245119 78
202193083076 78
178235053190 75
163189169047 75
122023210022 75
163189155032 75
163189168223 75
047113115159 75
202193083202 75
202193082025 75
203194173128 75
212160064078 75
115242173214 75
190231192250 75
014227141019 75
114074151150 75
163189024207 75
115223213202 75
203194186220 75
192034169099 75
008001206017 75
202193083254 72
203194181139 72
193128033103 72
203194191156 72
050152016022 72
036153015244 72
120180098065 72
124120072063 72
133199122017 72
112162178054 72
103009037152 72
193139084108 72
202193082250 72
203194185212 72
119235023204 72
018120011009 72
163189016242 72
106008053250 72
133199122057 72
167136166214 72
191212029237 72
193017002142 72
163189062226 69
163189037001 69
103162113248 69
163189080226 69
163189086238 69
164196033094 69
133199122036 69
202193082021 69
150146231010 69
018124146120 69
133199122063 69
163189199020 69
121017109101 69
203194189039 69
104092091178 69
202009086013 69
202004030116 69
069044019085 69
054134237154 69
119159181225 69
163189024238 69
137156112192 69
146055051173 69
163189091025 69
147198025045 69
163189053232 69
111026196245 66
039106007181 66
133199122007 66
192034169084 66
203194187061 66
163189211181 66
125181154152 66
094008008241 66
121091241112 66
139148042237 66
163189057001 66
047147013202 66
185088201202 66
203194190233 66
101047128210 66
085105004213 66
220198162128 66
163189037049 66
143207135025 66
133218048226 66
018111065011 66
079139176235 66
054081045068 63
163189035030 63
192034169086 63
121239200168 63
129192131004 63
167099026219 63
146052129246 63
129055042115 63
202193084028 63
120171049027 63
202193083001 63
184173191064 63
168118089245 63
133010059017 63
202193083145 63
163189138006 63
018127066045 63
120249147016 63
163189175244 63
192034169094 63
121033198103 63
163189228241 63
117002027240 63
047136050051 63
192099163187 63
163189081225 63
051030114195 63
207247023009 63
133218138164 63
162138123063 63
177122086232 63
192099163182 63
193128023076 63
163189065235 63
120249175184 61
115222104029 61
202193084144 61
119234085132 61
202193084156 61
163189120225 61
203194177222 61
062114117068 61
162138123037 61
139017203236 61
133010063236 61
133199122040 61
060023126017 61
133218159025 61
133199122045 61
047182232234 61
062114116179 61
202193084232 61
203194168013 61
202193082252 61
140234242125 61
059195040242 61
061215175081 61
133218145052 61
163189027018 61
133010048002 61
120180098068 58
202193084164 58
133199122028 58
049239237111 58
109136216162 58
082235140008 58
202193084103 58
202193084210 58
066144015231 58
202193083252 58
106051048247 58
163189055011 58
078069140232 58
051030114199 58
133218145054 58
202193083222 58
051030114204 58
163189103049 58
123049238188 58
192099163191 58
203194180248 58
202193082231 58
163189132212 58
123178052021 58
202193084029 58
133199122043 58
163189083019 55
203194176082 55
058202251187 55
202193084090 55
051113099173 55
163189236237 55
119235019218 55
163189114022 55
113231004164 55
077251070197 55
202193083081 55
163189200005 55
119209203190 55
163189114014 55
202193084194 55
163189025218 55
111025025234 55
202193084158 55
120027155114 55
202193083139 55
203194185137 55
113191158114 55
170149150179 53
058014225211 53
162052078251 53
047154036058 53
112136035074 53
047124173253 53
074103231034 53
163189027025 53
203194181013 53
163189142068 53
163189143148 53
051113099171 53
124120076243 53
203194185146 53
163189127237 53
133199122029 53
203194179149 53
002026104169 53
202193082108 53
148164139168 53
146052129242 50
202004028176 50
163189020242 50
178235049247 50
210044105124 50
163189108253 50
163189235006 50
163189175245 50
163189056009 50
202193084237 50
103055000067 50
143207135010 50
146052129248 50
163189106241 50
094009221086 50
133199122046 50
203194159238 50
046122111216 50
163189059029 50
163189102030 50
192176191017 48
203194162034 48
159190039062 48
192099163178 48
202193082200 48
203194169009 48
163189141079 48
045113038216 48
202193082041 48
202193082140 48
202193083198 48
129055047031 48
203194179145 48
163189057002 48
181137032171 48
163189244043 48
203194178190 48
163189203118 48
203194184192 48
202193082228 48
202193083197 48
202193082242 48
163189022253 48
049050175046 48
047152008219 48
202193083180 48
202193083116 48
170149150128 48
202193084211 48
163189054195 48
203194179144 45
211039110160 45
163189056018 45
162052078150 45
129074005201 45
047153166157 45
203194189045 45
162052076006 45
175146061156 45
124120077117 45
202193084254 45
047154211184 45
027084088013 45
051113099166 45
139192068055 45
203194185154 45
124120077160 45
192099163180 45
203194183191 45
163189182111 45
039099174063 45
133199122056 45
192099163190 45
163189023034 45
202193084012 45
133199122112 45
218196024136 43
202193082136 43
112122076204 43
133218242004 43
163189097111 43
121091244153 43
203194190063 43
202193083095 43
036146182188 43
202004027253 43
203194180226 43
192099163181 43
003153166111 43
133010055050 43
163189048237 43
202193084130 43
222251170149 43
049050159009 43
202193083209 43
202193082030 43
202193084251 43
035069182188 43
133010058212 43
093092147091 43
152162212107 40
202193083127 40
163189240250 40
202004025104 40
202193083118 40
081071161126 40
091122190136 40
202193082090 40
192229024072 40
163189223002 40
202193084086 40
146052129240 40
202193082251 40
170149193158 40
202193084078 40
133218252063 40
203194187034 40
202193083087 40
202193082050 40
133218146035 40
103008193036 40
017049142203 40
202193084127 40
163189138025 40
221044044183 40
202193082227 40
175170214035 40
049050049209 40
087245092235 40
202193083046 40
203194180238 40
163189096117 40
202193085007 38
128018209229 38
220198138072 38
049050254006 38
202009064225 38
202193083022 38
202193084010 38
163189178043 38
202193083053 38
121206063088 38
203194181039 38
202193082170 38
061247185183 38
202193084182 38
202193084166 38
219181110244 38
133199122030 38
183014203000 38
203194159146 38
114225012205 38
133218211025 38
163189247058 38
147198025046 38
181193143213 38
202193082017 38
103004020069 38
133218083001 38
198209061120 38
116023178039 38
096201190253 38
203194186004 36
163189096119 36
211203186057 36
125217192194 36
218183137156 36
051092073135 36
202009103253 36
133218085010 36
106010024069 36
163189096113 36
202193083011 36
124120077137 36
202193082069 36
202193083246 36
202193084189 36
202193083203 36
094016087075 36
202193084033 36
018093207040 36
202193082068 36
170149208052 36
202193084187 36
220247172180 36
202193083194 36
202193084076 36
133199160236 34
203194191045 34
141168004010 34
189136067117 34
152162201111 34
163189175067 34
202193084165 34
047180023112 34
091024171193 34
023227237019 34
133218018200 34
203194184220 34
211027191134 34
163189162109 34
059158243191 34
163189083011 34
202193083075 34
163189240251 34
133218242012 34
202193083158 34
163189167252 34
202193083193 34
202193083015 34
172030030010 31
135024162181 31
117192085017 31
117002077220 31
202193083134 31
061064040118 31
049239105147 31
202193083241 31
119140071081 31
123049243180 31
163189197059 31
059136012157 31
133199122118 31
163189102037 31
202193083045 31
163189228209 31
202004024005 31
202193083248 31
081154183201 31
203194183148 31
079109171194 31
202193083037 31
047181087061 31
203194157060 31
071178170017 31
163189132210 31
202193084123 29
116193004231 29
091122190132 29
202193084081 29
202193082016 29
123201131048 29
205049005001 29
202193083019 29
193037081043 29
124088176009 29
192034169191 29
060202211030 29
205124192179 29
133218109009 29
062204158130 29
202193084128 29
130137078085 29
177047220109 29
203194176221 29
180049245153 29
001012003029 29
078139237063 29
082064228201 27
059159078106 27
133199122121 27
163189241215 27
202193084005 27
216059123038 27
047149007035 27
163189117017 27
202193083157 27
178182019014 27
163189198035 27
163189074194 27
078185018048 27
109152094224 27
163189159124 27
163201109242 27
203194180148 25
117245213083 25
201227062027 25
106009016201 25
014056250230 25
178127130225 25
039106247079 25
202193084091 25
203194185205 25
163189153249 25
203194184131 25
203194185194 25
118220191254 25
202193083136 25
098103186124 25
202193083227 25
163189197058 23
202004028240 23
117105161203 23
059136037157 23
202193084208 23
163189207193 21
202193082112 21
 1