010200007218 7772
010200007217 7248
010200007195 7053
010200007194 6728
010200007196 6021
010200007199 5833
010200007004 1059
010200007005 1015
010200007006 976
010200007009 949
010200007007 811
010200007008 797
192168010046 12
192168142042 12
192168180068 12
192168142020 12
192168072230 12
192168040012 12
192168130074 11
213155156180 11
192168202009 11
192168060151 11
192168102034 11
192168010089 11
010200001118 11
072246211025 11
216058222101 11
192168040038 11
192168150023 11
192168041003 11
162125004001 11
192168010063 11
192168010034 11
192168112005 11
091228166148 10
192168060113 10
192168032071 10
172217030005 10
066175096022 10
192168180005 10
052000060012 10
190090221042 10
192168032058 10
192168130005 10
072246210157 10
192168032061 10
192168032011 10
192168142029 10
192168042098 10
208080054239 10
192168142012 10
050017171137 10
192168090082 10
192168150005 10
192168127058 10
065052108076 10
179001004205 10
192168040042 10
192168042082 10
192168081011 10
192168032035 10
172217020099 10
192168010026 10
074119118074 10
192168127010 10
192168072105 10
192168090136 10
192168060166 10
192168041048 10
192168081035 10
192168131004 10
192168090098 10
192168072103 9
104218072013 9
172016141249 9
192168072078 9
216058219069 9
010230001073 9
192168180119 9
162125032005 9
192168130072 9
192168072125 9
192168032086 9
010230001050 9
216058202225 9
192168130008 9
192168060091 9
192168202004 9
034193033038 9
074217253061 9
192168125109 9
192168060004 9
010200001166 9
192168090072 9
192168220158 9
091134186022 9
192168010135 9
192168081034 9
192168060007 9
064233186188 9
192168041015 9
091228167145 9
216058202234 9
192168032139 9
172217029065 9
192168029032 9
192168029018 9
179001004206 9
023098150094 9
192168081072 9
192168112013 9
192168050020 9
192168110016 9
216058222109 9
179001004230 9
104244042129 9
052015062156 9
064038119027 9
192168090076 9
192168060037 9
216058202237 9
192168042083 9
192168032091 9
192168180031 8
192168142016 8
162247242020 8
192168032109 8
192168010055 8
054210158194 8
190090221025 8
192168010019 8
192168029041 8
192168072032 8
192168060064 8
108177011189 8
192082242050 8
192168072041 8
192168130031 8
192168010126 8
216058222195 8
192168032047 8
192168131003 8
192168041053 8
192168142058 8
050022046025 8
192168032026 8
192168151009 8
192168220151 8
192168060110 8
205185216010 8
216058218227 8
192168180016 8
010230001160 8
192168121065 8
192168060029 8
192168130014 8
192168122025 8
192168220187 8
192168010061 8
192168060024 8
192168081051 8
192168042025 8
072021081200 8
192168060022 8
104025033099 8
068067178111 8
216058222074 8
192168112006 8
192168081048 8
192168032056 8
192168220162 8
192168010115 8
216058222069 8
192168090061 8
172217030002 8
192168150006 8
192168130073 8
192168131019 8
192168010082 8
010200001016 8
192168040032 8
192168042102 8
192168090049 8
192168142056 8
192168060047 8
068067178199 8
216058202243 8
192168081111 8
034205098050 8
192168081047 8
192168121028 8
192168130032 8
192168130083 8
192168060183 8
010020004043 8
192168010044 8
199016157105 8
179001004231 8
192168072069 8
192168090150 8
098139021169 8
192168042003 8
068180134008 8
192168081033 8
192168010075 8
192168032028 8
192168042005 8
185048081079 8
192168081002 8
192168121127 8
137116074190 8
192168040029 8
096007002165 8
192168150010 8
192168032077 8
192168032099 8
216058202230 8
192168010084 8
172016141247 8
192168042072 8
192168205131 8
192168060172 8
192168040005 8
013107021200 8
069175091067 8
192168130094 8
192168072039 8
192168060092 8
192168010098 8
192168042026 8
129164142074 8
074119117066 8
192168032140 8
192168072047 8
192168032108 8
192168052039 8
169046044040 8
192168122067 8
010230001190 8
192168031003 8
192168010112 8
192168032062 8
216058222238 8
192168090155 8
192168042016 8
192168050002 8
192168042123 8
040097132002 8
192168010040 8
216058222102 8
192168010122 8
104208165109 8
010020004180 8
192168010048 8
172018001221 8
013107005080 8
040117100083 8
192168202007 8
192168122027 8
192168081007 8
192168072136 7
179001004223 7
192168130046 7
038090226011 7
216058202226 7
104091157235 7
192168032013 7
192168220010 7
192168032060 7
065055044109 7
192168072097 7
192168010011 7
192168052115 7
192168081031 7
192168032068 7
013077092139 7
010230001162 7
192168052087 7
052085107187 7
192168125108 7
192168090056 7
212053139041 7
192168142059 7
065052108011 7
192168090057 7
192168130067 7
052176045134 7
068067178137 7
172217029042 7
216058222200 7
192168042035 7
192168072059 7
192168205135 7
192168142032 7
192168072162 7
192168142036 7
091228167146 7
179001004209 7
010230001003 7
192168090009 7
192168040030 7
010230001119 7
192168060117 7
172217029074 7
192168010031 7
192168180102 7
179001004216 7
104041208054 7
179001004238 7
072021091029 7
192168180003 7
192168029006 7
192168042095 7
064004054018 7
192168131013 7
192168180078 7
192168081004 7
179001004244 7
192168220173 7
192168180017 7
192168211034 7
192168032150 7
192168060105 7
192168060083 7
192168130033 7
010230001200 7
192168142066 7
192168180014 7
192168081056 7
192168220154 7
192168205130 7
192168090026 7
192168081017 7
074119117078 7
008043072044 7
192168042075 7
010230001222 7
192168130011 7
192168032073 7
192168220152 7
151101066049 7
192168029037 7
192168131017 7
192168090020 7
192168060115 7
104091129122 7
192168029005 7
192168142068 7
172019001198 7
069031054133 7
010230001015 7
192168032038 7
192168010085 7
192168220184 7
192168031007 7
192168060075 7
192168130015 7
010020005005 7
192168050005 7
192168131024 7
192168072035 7
192168032067 7
013107042011 7
010230001151 7
172019001178 7
192168032093 7
192168010058 7
192168060025 7
192168032018 7
192168180052 7
192168090032 7
192168040014 7
192168072038 7
192168029056 7
216058222070 7
031013073049 7
192168052009 7
199096057006 7
192225158001 7
192168072095 7
192168032046 7
192168081003 7
192168072083 7
069172216055 7
192168112004 7
192168040003 7
192168090089 7
192168060132 7
074119118086 7
192168180066 7
192168220107 7
089044168044 7
192168220156 7
192168180004 7
192168060015 7
192168072065 7
192168072074 7
192099021165 7
023009053223 7
192168042013 7