045238063231 93797
045238063168 85869
045238063216 74535
139053119011 68812
045252050109 63746
045252050189 60378
192254032037 53752
192254039115 52799
045031009016 47690
192254050149 44118
206142144060 42648
081068054104 40713
079124061175 39474
193232251075 37469
193194027169 36586
161097176110 31538
045252050157 30928
047152052073 29814
039107157211 28546
080189185222 26593
103241177097 25974
092206056043 23863
198070246086 22098
110190019029 21239
089135101222 20583
192254041137 19777
092206056089 19053
183047030220 19046
142173238140 18188
092206057073 17884
185107180240 17335
185006041120 16701
089135101221 16563
089135101053 16483
045242148143 16282
165249154078 15915
193194026193 15635
089135101103 14941
089135101049 14941
078032113130 14925
193249023206 14133
174244101086 14084
045242148223 13824
037254234100 13216
089135101061 12705
079124061210 12678
045252050132 12170
185072009086 11491
089135101052 11202
075122147237 10840
089135101119 10657
072239229147 10628
192254040115 10122
092206056035 9868
188116053051 9015
045074194204 7737
193194026040 7599
051113079156 7362
054036141234 7343
183047030241 7242
051164031120 7224
051173064180 7132
139053032199 6688
054036004042 6355
091016173000 6243
104076051178 6172
122216142111 6153
075122147254 5963
185006040050 5669
080189182119 5586
089135101152 5405
106050170039 5078
062223096074 4995
142215146150 4985
089135101155 4962
193194027200 4815
122228012144 4807
045247181152 4701
045252050078 4527
051164028153 4282
183047030218 4048
036243054242 3920
046040043060 3908
177127031164 3896
181126227070 3812
203194180154 3618
089135101166 3393
161097075149 3225
080189185033 3218
046040042226 3208
119012254250 3025
142015002208 3022
079124061000 2955
107186252108 2936
079124061201 2932
074127213138 2884
106048184021 2878
080189185134 2849
074127213239 2759
103241177177 2753
058203162051 2747
074127213156 2694
174244103103 2662
077121107173 2634
074127213141 2597
074127213139 2595
074127213132 2580
167136166241 2572
104004039051 2569
074127213140 2543
167136166186 2499
066000222222 2489
074127213154 2487
124123113085 2447
185016231216 2435
167136166161 2429
074127213135 2427
103241177045 2409
158186026009 2409
074127213142 2400
103077174225 2396
074127213225 2380
167136166165 2362
167136166188 2357
074127213143 2353
167136166245 2340
074127213129 2333
074127213228 2329
074127213136 2324
074127213148 2314
194027187208 2308
181240163009 2308
167136166170 2296
203234174058 2293
178248018158 2269
074127213153 2267
074127213157 2265
074127213134 2265
167136166248 2256
074127213137 2248
074127213149 2237
167136166180 2236
074127213150 2230
135118194192 2228
167136166252 2228
045222127117 2224
061180147130 2222
167136166181 2218
203234174115 2215
167136166168 2214
188138226071 2205
074127213235 2201
167136166250 2199
074127213128 2197
074127213232 2196
071199039023 2195
203194185198 2170
167136166162 2166
139162247088 2149
167136166179 2149
051173182135 2149
167136166177 2146
167136166187 2145
074127213145 2144
167136166171 2139
167136166183 2139
167136166247 2136
167136166184 2132
167136166169 2116
167136166240 2108
074127213133 2105
082103103101 2095
074127213237 2092
071199022234 2081
167136166249 2078
167136166172 2077
167136166174 2076
167136166173 2054
167136166182 2046
074127213155 2039
167136166243 2038
167136166175 2031
094153177209 2023
045230225223 2009
074127213130 2007
074127213159 2005
167136166167 1993
167136166254 1986
167136166255 1986
133218212225 1973
074127213238 1973
074127213229 1954
167136166178 1944
167136166166 1940
167136166185 1931
093169191093 1925
071199022232 1912
074127213236 1910
185202021233 1908
074127213131 1906
167136166176 1888
074127213147 1884
167136166191 1877
203194188136 1870
167136166163 1862
074127213158 1836
167136166160 1836
074127213234 1830
018064097211 1822
167136166242 1822
074127213233 1787
074127213151 1785
167136166253 1764
074127213226 1742
167136166190 1742
071199084108 1687
203194188243 1673
104022102028 1639
031072109175 1635
185016231221 1583
037254239167 1574
203194185209 1505
185045227005 1503
133199122117 1498
203194180138 1491
194062230058 1440
104045080214 1420
128216164237 1394
074127213227 1385
051231124131 1383
104045080242 1348
092134174202 1297
167068026249 1280
185016228240 1273
092134175034 1220
051190174079 1192
159161039115 1111
185045227037 1109
092134175021 1086
170034187008 1084
104079124237 1075
092134175001 1018
202009119021 1000
104045080247 994
092134175058 994
094016087141 992
222084081137 989
139162036242 980
219177255243 979
092134174205 975
060194163151 972
185045227033 953
163189161018 890
061128229107 863
170034187063 860
089135111236 804
104079124201 790
170034187041 786
203194183176 781
120180125185 711
067182161203 708
159161041036 689
159045088027 658
202009065188 638
180191139233 606
106051129149 571
202009119023 563
185006043109 555
094199074132 540
045057047208 528
101029037174 525
202004030145 520
078036176155 507
078032112243 478
170034187000 461
003062167001 393
018103043186 369
183036007119 347
209030111253 311
133218102012 301
104045080177 275
091019245101 274
203194184081 262
175049139071 230
103245175073 218
042000176199 205
167068168198 185
047177116020 157
133218145241 147
139162110053 133
203194189024 126
027069203183 124
107191028231 115
131103195058 114
124206123202 92
052070216180 89
113158160211 89
018124146120 88
133199122052 84
202180008115 75
162138123047 75
133199122061 75
197208014177 75
047159197115 75
018127066045 75
035176116002 66
133199122035 66
133199122062 66
203194190127 59
201210123111 59
054092098087 59
163189203038 59
133199122043 59
133199122063 59
133199122033 59
005167152021 59
054134237154 53
133218015018 53
054092145102 53
202009114048 53
133199122057 48
133199122048 48
051092189166 48
133199122051 44
126216244020 44
133199122034 44
213200226103 40
000000221135 37
133232026241 37
111025097141 37
087245085243 34
133199122060 34
104004101083 31
163189076183 31
178033013007 31
185006043253 28
197234118002 26
163189240086 26
133218139123 26
167099166119 24
119240192006 24
178085087050 24
206204233199 22
065230046207 20
088098101233 20
133199162148 20
051040167234 20
103249243004 18
188228026026 18
034033232011 18
107191155083 16
035084065141 16
115243124052 16
036243049040 16
203194183133 16
119024160010 16
013119072051 16
041147078073 16
061242077223 15
074105123049 15
066185115202 15
058212242116 13
163189232196 13
179005005143 13
202235011106 13
183035221006 13
099172178048 13
123006024067 11
195017206112 11
195085171087 11
054217190209 11
204074228166 11
133218126166 11
157026107180 11
045228187115 11
062179210065 10
005138088198 10
178168043104 10
070086112236 10
122003150234 10
054182127087 9
068246031008 9
157164030017 9
018091001205 9
128059231255 9
054195207063 7
111054244112 7
198205052232 7
157026107033 7
039098114161 6
027232108195 6
036243049042 6
047177186205 5
084010128025 4
047124179045 4
108242020246 3
123009213042 3
148154014023 1
087013202135 1
101160125057 1