076094128016 2353
095052080016 1204
092085128016 1169
172087128016 1435
138110128016 1438
108196128016 1386
014218128016 1440
027134128016 1414
066058128016 1449
018205128016 1436
221247128016 1425
132092128016 1452
088174128016 1420
059210128016 1443
064135128016 1247
021010128016 1067
106111128016 1438
101051128016 1442
085034128016 1444
179095128016 1437
120148128016 1428
196012128016 1247
048074128016 1443
178237128016 1442
054014128016 1436
116223128016 3010
073026128016 1443
079021128016 1446
190086128016 1431
075174128016 1421
057100128016 1437
036207080016 1472
124096128016 1445
239024128016 1460
003028128016 1448
219014128016 1676
042163128016 1435
224159128016 1877
241002080016 1692
148234128016 1126
079193128016 1538
219231080016 1051
198205128016 1442
253064128016 1438
081046128016 1477
087134128016 1438
015115128016 1438
198103128016 1439
157067128016 1436
134056128016 1442
104124128016 1441
006231128016 1917
115249128016 1309
072240128016 1367
241104128016 1445
249063128016 1412
247217128016 1406
016134128016 2328
158152128016 1377
107099128016 1443
178037128016 1444
045163128016 2173
175171128016 1433
037205128016 1445
062158128016 1362
235035128016 1313
127178128016 1230
063202128016 1310
050090128016 1602
208096128016 1021
253205128016 1410
065054080016 2182
187090128016 1216
064024128016 1442
127064128016 1319
233119080016 2507
093241128016 1105
044142128016 1370
186030128016 1600
053150080016 1345
131130128016 1436
160117128016 2588
106241128016 1428
151244128016 4552
149190128016 1436
149078128016 1315
144150128016 2703
200039128016 1848
116243128016 1206
181036128016 1436
129111128016 1428
141107128016 1440
045087128016 1437
156003128016 1170
015004128016 1436
210117128016 1440
179025128016 1512
147045128016 5249
184218128016 1443
149176128016 1440
179116080016 2411
241011128016 1003
185188128016 4562
145203128016 1441
133142128016 1473
186229128016 1435
021244128016 1123
045140128016 4656
212027128016 1074
134134128016 1434
196160128016 1288
218042128016 1016
052030128016 4101
069060128016 1445
014186128016 2026
123226128016 1449
210222128016 1403
219232128016 1436
127168128016 1441
094150128016 1446
170154128016 1444
155176128016 1440
054168128016 1434
048251128016 1438
080213128016 1454
044153128016 1447
053069128016 1407
009111080016 1890
140161128016 1445
051120128016 1463
101229128016 1278
063177128016 1130
145189128016 2831
000091128016 1868
144109128016 1400
214174080016 1354
070244128016 1443
118236080016 2666
066215128016 2243
075090128016 1350
082180128016 2236
118148128016 1432
020234128016 1444
070011128016 1414
143082128016 1404
022253128016 1355
070190128016 1349
216073128016 1439
166222128016 1441
117205128016 1296
104233128016 1426
227216128016 2110
168107128016 1434
089066128016 2509
019170128016 1276
247084128016 1439
135082128016 1440
170240128016 1427
251117080016 1092
118056128016 1448
070235128016 1443
128076128016 1437
126135128016 1435
043100128016 1326
006150128016 1462
174055128016 2272
137087128016 1438
054175080016 1915
159193128016 1440
235241128016 1444
068252128016 1294
003044128016 1441
115077128016 3376
133168080016 1561
191020128016 1222
016165128016 2451
039008128016 1445
201045080016 2584
157046128016 1434
054053128016 1441
213043080016 4070
241229128016 1094
111191128016 1440
042061080016 1184
031015128016 1434
195106128016 1045
148126128016 2003
071244128016 1658
238199128016 1429
034208128016 1440
041009128016 1382
015053128016 1405
015070080016 1168
135235128016 1441
025172128016 2194
136130128016 1382
163213128016 1482
099090128016 1884
054155128016 1658
166040128016 1119
050232128016 6967
206045128016 1384
174021080016 2236
062197128016 1437
115242128016 1717
037055080016 1514
200056128016 1376
159059128016 1139
181054080016 1158
035112128016 1420
145094128016 1433
036150128016 5131
205118128016 1109
167065128016 1436
103214128016 8599
181081128016 1436
176131128016 1013
065084128016 1147
207159128016 1440
092225080016 1926
041098128016 1451
134244128016 1415
187037128016 1435
149087128016 1439
057169128016 1436
002246128016 13811
250081128016 1643
042152128016 1445
058132128016 1441
013231128016 1552
162094080016 1342
168166128016 1398
032091128016 1434
173088080016 2525
066118128016 1442
102072128016 3054
237048128016 1357
133107128016 1435
004163128016 1393
145136128016 1442
112217128016 1137
105044128016 1433
222238128016 1576
038227128016 1057
044233128016 1440
237117128016 1438
199136128016 6305
053055128016 1431
152206128016 2353
167191128016 1432
119085080016 1615
176009080016 1581
023141128016 1451
114127128016 1438
062011080016 2885
233073080016 1122
106110080016 2303
033036128016 1429
116015128016 2338
059243128016 2549
223208128016 1282
121117128016 1437
065039128016 1427
043132128016 1139
027120128016 1444
152095128016 1439
100216128016 5190
053068128016 2634
056218128016 4039
183101128016 1185
092032128016 1436
112153128016 2285
064190128016 1431
161217080016 1078
159170128016 4033
011171128016 1424
104210128016 1439
078183128016 1437
027076128016 3573
136155128016 3868
200219128016 1065
128248128016 1743
035241128016 3865
054204128016 1161
031133128016 1431
161177128016 1440
203186080016 4072
129091128016 1436
150059128016 1441
037067128016 1255
185132080016 2049
025166080016 1236
029221128016 1172
060133128016 1445
124254128016 4399
207000128016 2357
121207128016 1446
114188128016 1208
009016128016 2970
185138128016 1715
099063128016 1211
009220128016 1440
250000128016 1424
116066128016 1398
084204128016 1222
126141128016 1443
056064128016 1300
188139128016 8438
065199128016 1279
046212128016 1440
094129080016 1036
112114128016 1441
038221128016 1437
051119080016 1922
035021128016 1058
161215128016 1420
050061080016 2361
054179128016 4777
082249128016 1375
172061128016 1443
102215128016 5356
141216128016 1435
117167128016 2171
187206128016 1303
108160128016 1437
116062128016 1432
079076128016 2077
224153080016 1846
113126128016 1445
155076128016 1449
047082128016 1442
046179128016 1376
168209080016 2401
077226080016 1525
014016128016 1412
151017128016 1440
201240128016 5959
053017128016 1408
157208080016 1247
024228080016 1494
213196128016 1362
073093128016 1437
069164128016 1963
077167128016 1299
047083128016 1400
251181080016 2364
078051080016 1322
201219128016 1427
120191128016 1429
010032128016 1446
107011080016 1016
174188128016 1083
101113128016 1421
072043128016 1342
175083128016 1434
120018128016 1462
107151080016 1075
113131128016 1175
224010128016 1434
175050080016 9898
207186128016 2205
094008128016 1434
191069080016 2472
140221128016 1442
079121128016 2509
218021128016 1096
153213128016 1436
146158128016 1440
145054128016 1376
253061128016 1445
113104128016 1425
015232128016 1441
250069128016 1436
237198080016 3674
064220128016 1086
123089080016 1003
249023128016 1442
143176128016 1436
243128128016 1439
181089128016 1283
023204128016 1741
137229128016 1437
156226128016 1443
152045128016 1434
067232128016 1445
040165128016 1322
098007128016 1437
178251128016 1043
066052128016 1335
000000080002 1186
027032080016 1172
050094128016 2041
184041128016 1436
209196128016 2583
250222128016 1438
152242128016 1487
224060080016 1321
162230128016 2639
200177080016 2218
123094128016 1438
129223128016 1506
026036080016 1613
252162128016 1350
112242128016 1298
135028128016 1435
203015128016 3497
089220128016 1397
096204080016 1348
137042128016 3057
175067128016 2067
046156080016 1459
023106080016 1101
192055128016 1231
101002128016 1311
197054128016 1408
109210128016 1519
127188128016 2284
196223128016 1108
052012128016 1374
002187128016 1010
102157128016 2268
178178080016 2437
115219080016 1268
148210128016 4435
239038128016 1452
036216128016 1455
058231128016 1122
108162128016 1445
162052128016 1686
074050128016 1051
226187128016 1409
171221128016 1444
110216128016 1398
048108128016 1336
173064128016 5003
095210080016 1865
122242128016 1397
050146128016 1433
182000128016 1436
094163128016 1336
005185128016 1423
068097080016 2879
119100128016 1286
235160128016 1441
241127128016 1550
049164080016 1367
156122128016 1308
034174128016 1318
065250128016 4702
001187080016 1925
120145128016 1438
144062128016 1038
163002128016 3338
239160080016 4941
109019128016 1708
237016128016 1026
082090128016 1429
156218128016 2029
039187128016 1437
182178128016 1500
196002128016 2198
199207128016 1053
029012128016 1437
085071128016 1171
017236080016 1087
116190080016 1212
143249128016 1445
001240080016 1138
002027128016 1063
025250080016 2285
024119080016 1464
146213128016 1169
026161128016 1437
009161128016 1402
064042128016 1443
002151080016 1069
214048128016 3326
056198128016 1447
150047128016 1439
144149128016 6135
000004128016 1438
235086128016 1280
158001128016 1433
028106128016 1441
140229128016 1138
169217128016 1436
085029080016 1665
083182080016 1044
176104128016 1174
212033128016 1429
048187128016 1143
065011128016 1372
137175128016 1445
129130128016 1067
219017128016 1257
012245080016 1360
059053128016 1376
077190128016 1449
161070128016 1404
029032128016 1443
148085128016 3506
126197128016 1084
169169128016 1437
061128128016 1440
193177128016 1429
165238128016 1203
097173080016 2283
249229080016 1141
011007128016 2501
196049128016 1110
079241128016 1423
183234080016 1545
029126128016 1399
047229128016 1445
052243128016 1153
247073128016 1504
251167128016 1615
188083080016 1378
141199128016 1446
087224128016 1440
037222128016 1436
008079080016 1153
175125128016 1433
198174128016 1519
080085128016 1419
204087128016 3200
118112128016 1446
045012128016 1075
156230128016 1382
144091128016 1435
042160128016 1436
038216080016 2407
067028080016 2048
143222128016 1142
131091128016 1094
006045128016 1108
156217128016 1443
007028128016 1275
176030080016 1622
062041080016 2133
213250128016 1428
146161128016 1394
133104128016 5304
124209080016 2311
198044128016 1316
176072128016 1434
017156128016 1349
136053128016 2064
243155128016 2835
148225128016 1826
213087128016 1554
068132128016 1444
076176128016 1410
016196128016 1310
154105128016 1436
135231080016 1587
082186128016 1360
079239128016 1313
245002128016 1437
181125128016 1440
245213128016 1208
026151128016 1442
029052128016 1786
064147128016 2096
061075128016 1101
132097128016 2262
231198080016 2634
193036128016 1470
125095128016 1442
119197128016 1440
141018128016 1447
139081128016 1434
138036080016 1980
046254128016 1068
161249128016 1425
132179128016 1434
250238080016 1279
206139128016 1443
232148128016 1434
056143128016 3489
083128128016 1104
166057128016 1437
144249128016 1116
173061128016 1437
173109128016 1204
033140128016 1455
047121080016 1601
067042128016 1438
018104080016 1450
160255128016 1456
000095128016 1006
074107128016 1437
000000128024 1062
062234080016 1154
037031128016 1685
075188080016 3505
002043080016 1579
086057128016 1436
033064128016 1439
186225128016 1442
188229128016 7242
057069128016 1440
165021128016 1008
148159128016 1455
104010128016 1454
213062128016 1447
132201128016 1133
040195080016 2852
160038080016 7225
204161128016 1438
210002128016 1440
196094080016 1467
122110128016 10018
160081128016 1440
254174128016 1438
124204128016 1408
119241128016 1378
036236080016 1212
201232128016 1441
136163128016 1433
065169080016 2052
097050128016 1435
201176128016 1846
095117128016 1434
105215128016 1494
128177128016 1439
162180128016 1281
099239128016 1438
186089128016 1247
134083128016 1422
178199128016 3747
004069128016 1082
242084128016 7305
112223128016 1354
020184128016 1445
080082128016 1406
209233128016 1163
222029128016 1414
115184128016 1432
030230128016 1428
239153128016 1440
216040128016 2177
020042080016 2037
130227128016 3998
204049128016 1254
049226128016 1348
224053128016 1944
061058128016 1465
002174128016 7096
054146128016 1416
056015128016 1225
094117128016 9141
120024128016 1210
237233128016 1233
094078128016 1756
095069128016 1438
219041128016 1841
172024128016 1312
131055128016 1446
160218128016 1462
040234128016 1435
059254128016 1431
115038128016 4580
061238128016 1688
237084080016 2295
144044128016 1373
214066128016 1542
219002128016 1437
019014080016 1329
064248128016 1306
141213128016 1446
138135128016 1175
191130128016 1436
221023128016 2274
140089128016 1440
142011128016 1435
073004128016 1390
158081128016 1189
021176128016 1439
145004128016 1486
127133128016 1402
107108128016 1439
013143128016 1438
113220080016 1092
152135128016 1435
089121128016 1391
177200128016 1436
102162128016 1436
234083128016 1125
126209128016 1441
107206128016 1212
062068128016 2948
144187080016 1379
024152128016 1500
029022080016 2054
069223080016 2007
245109128016 1437
188081128016 1074
039059128016 1445
158133128016 2760
173000128016 1446
051096080016 1306
185006128016 1422
090036128016 5954
037059128016 1446
194068128016 1087
164007128016 1438
105148080016 1077
079087080016 1030
126131128016 1438
103236128016 1432
121159128016 1403
069225128016 1440
139118128016 1439
070150128016 1452
063199128016 3088
073184080016 1018
030096128016 4528
050114128016 1439
244134128016 1441
176188128016 2697
023176128016 1454
229252128016 1047
176002128016 1080
054043080016 2956
148162128016 1309
012114128016 1440
068131128016 2798
047052080016 1197
080104128016 1442
008251128016 1443
147166128016 1208
003196128016 2565
204040128016 1434
013161128016 3474
054091128016 1291
074104128016 1461
250111128016 1089
228091080016 1318
000186128016 1445
032056128016 1385
232082128016 1441
076221128016 1569
171171080016 1489
026162080016 1792
192166128016 1441
099080128016 1358
142126080016 1962
199157128016 1167
004136128016 1181
009024128016 1468
144176080016 5359
121124128016 1189
131224128016 1503
247094128016 1442
074139128016 2036
214111128016 1267
169162128016 1433
053057080016 1699
132123128016 1407
038067128016 1444
073223128016 3417
136065128016 1315
026120080016 2738
235200080016 2402
164206128016 1430
183140128016 1435
245025128016 1664
236041080016 1276
077162128016 1421
175099128016 1438
017062128016 1427
103252128016 1006
065205128016 1399
023044128016 1430
134133128016 1455
089233080016 1357
212097080016 2060
151118128016 1452
139122128016 1423
236140080016 1584
164003128016 1432
125090128016 1329
096034080016 4076
107033128016 1442
139034128016 1442
001134128016 1034
158032128016 1433
063080128016 1442
118132080016 1008
251065128016 1437
011129128016 1432
164091128016 1440
118253128016 1436
041046128016 2263
227241128016 1443
087241128016 1588
233197128016 1350
094169128016 1435
170232128016 3502
110155128016 1434
080039128016 1085
128182128016 1187
090076128016 1263
151070128016 1237
076197128016 1375
166132128016 5947
099126080016 1376
080006128016 1406
013245080016 1326
010031080016 2255
233031080016 1276
138157080016 2048
125126128016 1438
163225128016 1442
086176128016 1446
112138128016 1335