089135101171 97820
023091111006 72709
192254032037 65536
139053119011 65536
121091093231 65529
081068054104 62756
192254039115 61899
192254050149 47793
193232251075 39265
080189185222 33292
039107157211 32768
047152052073 32719
192254039162 32231
198070246086 23784
142173238140 16997
072239229147 16289
192254050038 16111
192254041137 14699
125160089236 13200
045031009016 12429
089135101223 12407
206142144060 11003
174244101086 10358
192254040115 7479
062223096074 7013
142215146150 6854
045242148143 6445
045238063168 6403
045238063231 6283
161097176110 4940
045238063216 3932
200221025175 3587
157009046181 3509
185006041120 3402
158186026009 3130
185107180240 3054
092206057073 2762
045252050189 2729
133218212225 2526
077121107173 2505
183047030220 2409
089135101222 2308
103241177097 2288
190227102153 2278
079124061175 2233
047155035025 2230
045242148223 2222
089135101103 2165
051164028153 2017
082011128250 1988
219186213049 1976
106050170039 1911
116212188219 1870
054038017254 1823
158186005237 1811
018064097211 1805
212216203241 1764
193194026193 1747
089135101049 1693
193135136023 1629
078032113130 1597
193003246027 1574
089135101061 1573
135118194192 1571
110190019029 1564
143246077246 1489
185045227025 1483
092206056089 1356
045252050109 1342
104045080220 1292
192254049203 1276
092206056043 1233
185072009086 1219
128018209146 1206
121239144104 1194
185016231219 1168
193249023206 1161
046040042226 1147
107186254208 1116
089135101155 1093
170034187022 1053
209205228038 1024
106049165030 1024
061219042055 1023
112127130142 1016
060005004223 1016
219177242141 1016
175018040134 1015
163206168085 1015
061194018129 1015
210241035049 1015
027043156196 1015
123204059048 1015
113096147211 1015
222084081137 1015
219177255243 1015
061128229107 1015
001244083078 1015
113096147210 1015
163206243111 1015
218179116224 1015
014179071088 1015
101029018177 1015
110012063116 1015
113178046208 1015
027043156197 1015
110242108211 1015
103128184191 1015
071199100024 1010