064006171009  18
064006184109  18
064006093154  17
064006198190  17
064006011094  17
064006101023  17
064006077156  18
064006190138  17
064006184117  19
064006095099  18
064006102209  17
064006182124  18
064006209081  17
064006126221  17
064006182112  17
064006080187  17
064006137032  17
064006176013  17
064006044224  17
064006189070  17
064006014049  17
064006094147  17
064006101111  17
064006102028  17
064006099097  17
064006186056  17
064006184170  17
064006024038  17
064006011065  17
064006024216  17
064006200073  18
064006094106  17
064006109116  17
064006005093  17
064006005029  17
064006005081  18
064006115237  17
064006202220  18
064006169198  17
064006152194  18
064006131234  18
064006189190  17
064006054052  17
064006176174  18
064006192217  17
064006189196  17
064006065208  17
064006022019  17
064006188046  19
064006193042  18
064006180084  17
064006189166  17
064006185226  20
064006176060  17
064006182232  17
064006183115  18
064006049156  17
064006222067  17
064006193148  17
064006192013  17
064006182035  18
064006055174  17
064006026148  18
064006128063  17
064006180062  17
064006191173  17
064006022050  17
064006102117  18
064006184157  18
064006192224  18
064006201197  17
064006233064  18
064006175144  18
064006187159  17
064006169228  17
064006106080  17
064006192112  17
064006189076  18
064006180160  20
064006181166  17
064006217067  17
064006067226  17
064006023034  17
064006180156  20
064006176175  20
064006183157  18
064006106231  17
064006019223  19
064006191160  17
064006184167  18
064006191148  19
064006166241  17
064006185116  17
064006193140  18
064006103194  17
064006024021  18
064006005211  17
064006067035  18
064006194000  19
064006206218  19
064006187056  18
064006024009  17
064006025103  17
064006101017  18
064006193175  17
064006233170  17
064006188209  17
064006175245  19
064006019193  17
064006139093  17
064006188251  18
064006131230  17
064006175244  21
064006190085  17
064006183061  17
064006093253  19
064006010010  19
064006022214  18
064006180038  17
064006182030  20
064006128029  20
064006094113  19
064006182206  17
064006068080  17
064006027120  18
064006057138  17
064006040126  17
064006195060  17
064006193154  17
064006021029  17
064006179254  19
064006012137  18
064006019163  18
064006051213  18
064006192009  18
064006055185  18
064006193007  17
064006191135  17
064006127015  18
064006222114  17
064006126205  17
064006131218  18
064006025139  17
064006098012  18
064006187042  19
064006189121  17
064006174193  17
064006184126  18
064006180057  18
064006194184  17
064006223127  17
064006065018  18
064006051230  17
064006072245  18
064006190055  17
064006194252  18
064006183073  18
064006014183  17
064006098088  17
064006131252  17
064006095200  17
064006054050  17
064006192237  18
064006136175  17
064006105042  17
064006019136  17
064006186163  17
064006103224  18
064006175002  21
064006194034  17
064006051111  17
064006182161  18
064006100008  17
064006128085  18
064006184192  17
064006183063  17
064006175153  18
064006191124  18
064006189013  17
064006009228  17
064006202198  18
064006175182  22
064006183137  17
064006055072  17
064006186219  19
064006065168  17
064006108109  17
064006177058  21
064006099188  17
064006184131  17
064006027119  17
064006194170  17
064006051243  19
064006023065  17
064006177140  17
064006182069  17
064006128091  19
064006127089  19
064006193006  17
064006177230  17
064006129007  17
064006183190  19
064006175169  21
064006014047  18
064006175193  17
064006223096  19
064006184222  17
064006180036  19
064006193163  18
064006019225  17
064006183016  17
064006102065  17
064006185242  17
064006177052  18
064006052051  20
064006194094  19
064006022079  20
064006094043  17
064006189005  18
064006005164  17
064006182181  18
064006223021  17
064006023079  18
064006104111  18
064006098118  17
064006199170  18
064006020067  17
064006194106  18
064006132132  18
064006039195  17
064006176149  18
064006193083  17
064006187102  17
064006004172  17
064006004211  17
064006022113  17
064006236096  17
064006181084  17
064006103117  19
064006099090  18
064006128037  17
064006182018  17
064006127209  17
064006187208  18
064006177089  17
064006127074  17
064006176224  20
064006053018  18
064006185051  17
064006005017  17
064006184128  18
064006186228  17
064006183051  20
064006127225  18
064006189031  17
064006005095  18
064006055056  17
064006167115  17
064006193121  17
064006023173  19
064006131020  17
064006182196  17
064006173160  17
064006024042  17
064006128015  17
064006126219  17
064006180107  17
064006045120  17
064006185215  18
064006175235  20
064006106178  17
064006028166  17
064006214041  17
064006051189  17
064006128084  18
064006190156  17
064006130197  17
064006022070  18
064006040059  18
064006175230  21
064006069007  17
064006013148  17
064006023031  19
064006034199  17
064006010111  17
064006066204  17
064006189145  17
064006175200  21
064006184018  21
064006184016  19
064006013208  17
064006174204  17
064006024003  17
064006184225  18
064006093246  17
064006028130  17
064006126189  19
064006094122  17
064006017181  18
064006169237  18
064006019145  17
064006188249  17
064006195061  17
064006188232  19
064006193218  17
064006182167  22
064006104142  17
064006190228  18
064006051235  17
064006127070  17
064006178100  17
064006053127  17
064006020064  17
000000171232  17
064006179142  17
064006100195  17
064006024231  17
064006126235  17
064006152234  17
064006024123  17
064006014240  17
064006175196  19
064006232098  17
064006176039  17
064006028113  18
064006098119  17
064006194095  18
064006188157  18
064006106132  17
064006008160  17
064006094077  17
064006178008  17
064006019117  17
064006184148  17
064006179225  17
064006167193  17
064006176042  18
064006191123  17
064006023125  17
064006027117  17
064006188254  19
064006099117  17
064006100035  18
064006097186  17
064006094080  18
064006181085  17
064006190005  17
064006018083  17
064006014182  17
064006096129  17
064006201161  17
064006170159  18
064006177104  21
064006021138  17
064006175236  20
064006194046  18
064006132030  17
064006190224  18
064006149110  17
064006025059  18
064006224222  18
064006183008  19
064006175170  18
064006126223  17
064006190222  18
064006182208  19
064006128035  17
064006182032  17
064006151115  17
064006132157  17
064006188064  21
064006027216  17
064006187119  18
064006096071  17
064006187180  17
064006192221  18
064006070073  19
064006165156  20
064006008175  17
064006191113  19
064006123136  17
064006051212  17
064006027222  17
064006102057  17
064006019019  20
064006175168  19
064006180090  19
064006126217  19
064006200094  18
064006099110  18
064006188012  17
064006176028  17
064006013139  18
064006175220  19
064006232036  17
064006116207  17
064006180114  17
064006182219  17
064006052004  17
064006129056  19
064006152052  17
064006187236  17
064006096085  17
064006180209  20
064006104057  18
064006185131  18
064006053135  17
064006100192  17
064006104027  18
064006068078  17
064006127087  17
064006093196  20
064006091138  17
064006186020  17
064006194166  18
064006102178  18
064006179158  17
064006186231  17
064006191191  17
064006205200  17
064006099035  17
064006020011  17
064006182207  17
064006185132  17
064006186113  18
064006029073  19
064006175177  19
064006165224  18
064006136125  17
064006185154  17
064006019229  17
064006187186  17
064006191106  18
064006013234  17
064006013246  17
064006175079  17
064006023177  17
064006178048  18
064006233229  19
064006103031  18
064006019001  17
064006189044  17
064006023051  17
064006019245  17
064006189141  18
064006194099  19
064006028094  17
064006028101  19
064006006129  17
064006128092  20
064006128098  18
064006128130  17
064006129046  17
064006208128  17
064006129076  17
064006005178  17
064006174180  19
064006178061  17
064006183202  17
064006153123  17
064006243048  18
064006186254  17
064006190100  18
064006227066  17
064006098046  17
064006187214  18
064006203073  17
064006195026  18
064006019254  17
064006187095  17
064006196184  19
064006188242  17
064006029088  18
064006099075  19
064006232214  17
064006175036  18
064006178184  18
064006171103  17
064006009165  17
064006185189  18
064006169246  17
064006179201  17
064006228078  17
064006171234  18
064006128146  17
064006023208  18
064006023158  18
064006188238  18
064006175190  19
064006172106  17
064006055078  18
064006186088  18
064006182052  20
064006098091  17
064006029063  17
064006019087  17
064006131075  17
064006131126  17
064006194115  17
064006131250  18
064006200135  17
064006132055  17
064006017240  18
064006189006  17
064006184078  17
064006129211  17
064006176157  17
064006132008  17
064006179042  17
064006179044  20
064006034089  17
064006199124  17
064006029011  17
064006024136  17
064006239000  17
064006181193  17
064006005180  17
064006029060  17
064006174174  17
064006191229  18
064006095174  17
064006179216  17
064006189172  20
064006182172  18
064006195086  17
064006019067  19
064006191080  17
064006190214  17
064006188250  22
064006192078  18
064006184153  18
064006176007  17
064006194162  18
064006182065  18
064006191088  21
064006131233  17
064006182221  19
064006181200  18
064006172034  18
064006127057  17
064006020012  17
064006127104  18
064006127118  18
064006127121  17
064006127124  20
064006067005  17
064006127136  19
064006182182  17
064006167002  18
064006127168  17
064006182253  19
064006182004  17
064006105035  17
064006176056  19
064006200104  17
064006094084  18
064006189142  18
064006183022  18
064006181050  17
064006024039  17
064006175123  18
064006175154  17
064006175163  19
064006175174  21
064006175175  20
064006175189  22
064006182216  22
064006175226  18
064006175239  18
064006180058  18
064006193104  19
064006176112  18
064006178140  17
064006176118  18
064006176124  18
064006190108  17
064006233219  18
064006099241  17
064006183052  17
064006092168  17
064006017255  17
064006023181  18
064006009207  17
064006096237  17
064006099049  19
064006099067  17
064006089064  17
064006181192  18
064006101055  17
064006193158  18
064006199169  19
064006183067  19
064006132082  18
064006097051  18
064006199180  17
064006128007  17
064006096172  17
064006189237  17
064006179224  17
064006099139  17
064006029007  17
064006185180  18
064006065240  18
064006180060  18
064006180061  17
064006214047  17
064006180125  17
064006169214  18
064006187237  17
064006175254  18
064006177038  17
064006127132  17
064006237005  17
064006180039  17
064006193147  18
064006207120  17
064006127243  18
064006024176  17
064006091042  17
064006194080  17
064006096122  17
064006100221  17
064006127188  17
064006172089  17
064006180010  17
064006183175  17
064006093197  19
064006193170  17
064006166018  18
064006029157  17
064006193026  17
064006166218  18
064006055129  17
064006188255  18
064006006097  17
064006186195  17
064006016126  18
064006027240  17
064006176050  20
064006019031  17
064006193253  18
064006187032  18
064006195070  18
064006005056  17
064006019058  17
064006152209  17
064006089069  18
064006093240  18
064006239055  17
064006024213  18
064006195043  17
064006195066  17
064006049055  17
064006022227  19
064006055189  17
064006096083  17
064006177111  20
064006196206  17
064006127079  17
064006097198  18
064006196229  17
064006097146  17
064006188228  21
064006131237  19
064006189150  18
064006098242  17
064006189097  17
064006184169  17
064006184119  17
000000169152  17
064006176066  18
064006176072  17
064006179165  17
064006204224  17
064006178231  17
064006237194  17
064006175122  17
064006024007  18
064006025182  17
064006224217  17
064006073009  17
064006185194  17
064006019039  17
064006065092  17
064006093249  18
064006180150  17
064006190080  18
064006095011  19
064006090025  17
064006176102  18
064006236133  17
064006223032  17
064006175030  18
064006171214  17
064006189100  17
064006093011  17
064006129013  18
064006191089  19
064006094023  18
064006009121  17
064006101013  17
064006175183  18
064006202222  17
064006189144  19
064006183238  17
064006188045  18
064006014119  17
064006014123  18
064006217060  17
064006094123  19
064006020043  17
064006106093  18
064006007071  17
064006127110  18
064006024041  18
064006100217  17
064006197039  17
064006020009  18
064006190030  21
064006183060  17
064006045123  18
064006227148  17
064006222031  17
064006165018  17
064006176136  17
064006177010  19
064006197127  17
064006131238  20
064006190105  17
064006197214  17
064006187176  17
064006198127  17
064006183047  18
064006175114  18
064006198075  17
064006151086  17
064006024219  19
064006198116  19
064006175207  20
064006135193  17
064006186237  17
064006190181  17
064006005003  17
064006199150  17
064006194241  19
064006199126  17
064006199162  17
064006093198  17
064006019195  17
064006200014  19
064006194160  19
064006177186  18
064006023048  17
064006187048  17
064006099069  18
064006200069  17
064006199010  17
064006106156  17
064006126214  19
064006051219  17
064006186223  19
064006093229  17
064006019233  17
064006175192  20
064006017117  18
064006223136  18
064006051249  17
064006175159  17
064006005171  18
064006176170  18
064006188127  17
064006133063  18
064006015195  17
064006006003  17
064006094025  18
064006191140  18
064006005153  17
064006038087  17
064006182067  17
064006174098  17
064006128076  17
064006173080  18
064006045011  18
064006128061  17
064006188111  17
064006176004  18
064006065241  17
064006183024  18
064006186046  17
064006190044  20
064006019110  18
064006223176  17
064006023037  21
064006102218  17
064006188227  18
064006139101  17
064006021235  17
064006180097  17
064006177097  18
064006094044  18
064006191174  18
064006176193  18
064006026223  18
064006176192  18
064006177109  17
064006191149  17
064006185088  19
064006023174  17
064006187213  17
064006175253  18
064006175001  17
064006107036  17
064006197120  18
064006186016  17
064006180248  17
064006020010  18
064006098188  18
064006108104  17
064006171237  17
064006178081  19
064006191110  19
064006107082  17
064006189027  17
064006186012  18
064006100000  17
064006019181  17
064006093235  17
064006170067  17
064006176216  18
064006016182  18
064006233154  19
064006197133  18
064006051167  17
064006029193  18
064006227031  17
064006131067  17
064006051240  18
064006178249  18
064006028209  18
064006171027  18
064006184254  17
064006176074  19
064006098126  18
064006098125  17
064006017135  18
064006185208  20
064006193022  17
064006105027  18
064006223081  17
064006188132  19
064006253215  17
064006182152  20
064006194127  18
064006182003  19
064006019143  18
064006182086  17
064006232055  17
064006101067  17
064006053122  17
064006196160  17
064006175128  18
064006008133  20
064006188208  18
064006176187  17
064006131251  17
064006233092  17
064006193179  18
064006233155  19
064006019113  20
064006094032  17
064006176114  18
064006191165  19
064006029064  17
064006018048  17
064006172016  17
064006175085  17
064006019187  17
064006183075  17
064006195050  17
064006223196  17
064006176244  17
064006200110  17
064006105223  17
064006169193  17
064006171001  17
064006128157  17
064006183122  18
064006051221  17
064006183170  18
064006182165  17
064006128021  17
064006131059  17
064006018030  18
064006131087  19
064006171074  17
064006019214  17
064006175211  18
064006203128  17
064006175152  19
064006177081  17
064006018185  17
064006181150  20
064006006049  17
064006194175  18
064006177032  17
064006180063  17
064006177182  19
064006026252  17
064006065037  18
064006019220  17
064006051070  17
064006189129  17
064006026229  18
064006194030  18
064006194050  17
064006194056  17
064006194071  17
064006199148  19
064006183206  18
064006191184  18
064006165094  17
064006023100  19
064006018195  17
064006013215  17
064006023018  17
064006185196  18
064006009217  18
064006106215  17
064006214213  17
064006024074  17
064006176080  19
064006139058  17
064006017217  18
064006020016  17
064006071097  17
064006175201  17
064006005016  17
064006191177  18
064006177202  17
064006176128  18
064006182140  17
064006185137  17
064006106136  17
064006170245  17
064006019035  18
064006194075  17
064006089149  17
064006139030  17
064006179145  17
064006175218  19
064006139052  18
064006139119  18
064006191112  18
064006178129  17
064006019244  18
064006175250  18
064006189046  19
064006051183  17
064006233162  17
064006095151  17
064006100100  17
064006187006  18
064006170244  22
064006100009  18
064006131243  18
064006023020  18
064006009222  18
064006063172  17
064006007030  18
064006090077  18
064006177065  18
064006177219  17
064006175213  19
064006184120  18
064006029061  17
064006182116  20
064006021045  17
064006101064  17
064006183214  17
064006176164  18
064006055134  17
064006190170  17
064006194098  19
064006194100  18
064006194105  18
064006194111  17
064006194124  19
064006194130  17
064006194134  21
064006183158  17
064006194150  17
064006008146  17
064006186162  17
064006183120  18
064006101006  17
064006176158  19
064006097199  19
064006171004  17
064006194144  18
064006022115  18
000000069255  17
064006193162  18
064006095007  17
064006073064  18
064006193111  19
064006184255  17
064006182002  17
064006187216  17
064006175251  19
064006008078  17
064006171099  17
064006152138  18
064006026228  18
064006185182  18
064006024214  19
064006218066  17
064006027255  17
064006184115  17
064006175072  17
064006197151  17
064006169231  17
064006191091  18
064006196250  18
064006185050  19
064006051129  17
064006179182  19
064006194210  18
064006093234  17
064006182102  18
064006178096  20
064006068200  17
064006017134  17
064006191228  17
064006191233  18
064006175223  17
064006050157  17
064006204227  18
064006201206  18
064006175148  17
064006175241  18
064006013199  17
064006024173  17
064006021248  17
064006199000  17
064006096093  17
064006045017  17
064006176014  18
064006222036  17
064006026166  17
064006193235  17
064006194149  18
064006185158  17
064006098011  17
064006139103  17
064006099122  17
064006188216  17
064006152198  17
064006094127  18
064006152015  18
064006197154  17
064006094050  17
064006094011  17
064006188154  18
064006092097  17
064006182134  17
064006023089  19
064006179181  17
064006093177  17
064006183208  17
064006180109  17
064006105198  18
064006093217  18
064006183104  19
064006054117  17
064006180024  18
064006106050  17
064006232053  17
064006179048  17
064006204236  17
064006094229  17
064006180016  18
064006180115  21
064006102160  17
064006180104  19
064006055166  18
064006176110  20
064006188029  17
064006180100  17
064006177218  17
064006227113  17
064006127010  20
064006182183  19
064006180216  17
064006179235  17
064006010049  18
064006045176  17
064006166082  17
064006174175  17
064006187058  17
064006200040  17
064006178190  17
064006106151  17
064006131244  17
064006102158  17
064006194118  19
064006082142  17
064006096241  17
064006197155  18
064006193252  18
064006188152  19
064006081019  18
064006227208  17
064006099232  18
064006101218  17
064006184196  17
064006128034  19
064006188074  17
064006026255  17
064006180113  17
064006194117  18
064006019131  17
064006113006  17
064006098227  17
064006045034  17
064006178232  18
064006170014  17
064006184163  17
064006184139  18
064006051051  18
064006096235  17
064006178241  17
064006182130  17
064006175194  17
064006178160  17
064006096127  17
064006022139  17
064006128001  17
064006019111  17
064006093185  17
064006094054  18
064006020079  17
064006018243  20
064006073107  17
064006049099  17
064006194254  17
064006195028  18
064006051222  20
064006173154  17
064006181174  18
064006224220  17
064006178038  17
064006183093  18
064006183056  17
064006049149  19
064006181021  18
064006183145  18
064006097105  17
064006182184  18
064006202196  17
064006194135  20
064006185225  20
064006132164  19
064006095251  18
064006176104  17
064006180089  17
064006019074  17
064006178220  17
064006165086  19
064006020055  17
064006126090  17
064006139094  19
064006182251  20
064006182169  19
064006017254  17
064006187198  18
064006186047  17
064006099151  19
064006197009  17
064006204248  17
064006049127  17
064006191114  17
064006102027  17
064006172088  19
064006194021  17
064006103235  17
064006189251  18
064006008039  18
064006012103  17
064006176159  17
064006199142  19
064006184121  18
064006190074  17
064006175184  20
064006193176  17
064006193159  18
064006093060  17
064006128136  17
064006054071  17
064006129014  17
064006181172  18
064006116203  17
064006099089  17
064006180028  18
064006100155  17
064006184043  17
064006175217  20
064006233161  18
064006193219  17
064006177087  17
064006051116  18
064006100125  17
064006181232  19
064006073015  17
064006019140  17
064006175155  18
064006182254  18
064006101235  17
064006190040  18
064006187184  21
064006183042  17
064006237054  17
064006182128  17
064006187194  18
064006008144  18
064006112180  17
064006190067  18
064006128071  19
064006183096  18
064006091111  17
064006175024  17
064006022056  17
064006023053  17
064006224012  17
064006116251  17
064006094169  17
064006174202  17
064006174046  17
064006094033  18
064006189042  18
064006019075  17
064006188078  17
064006011002  18
064006184182  17
064006194121  17
064006182229  18
064006194020  17
000000041136  17
064006188114  18
064006178074  19
064006029045  17
064006022003  17
064006194037  19
064006044226  17
064006231101  17
064006017087  18
064006026022  18
000000147079  17
064006181222  17
064006190190  17
064006131032  18
064006171246  18
064006103039  17
064006181214  18
064006009254  17
064006096193  18
064006168067  17
064006177064  19
064006179233  18
064006101105  17
064006003057  18
064006200091  19
064006194113  17
064006183078  19
064006107031  18
064006192026  18
064006004224  17
064006176139  17
064006026243  17
064006131245  17
064006051220  19
064006097218  17
064006104196  18
064006182197  17
064006024111  20
064006052015  18
064006100011  19
064006005057  18
064006187072  18
064006093001  17
064006098054  18
064006094000  17
064006233225  18
064006182218  17
064006065098  17
064006194044  18
064006185142  18
064006176044  20
064006029018  17
064006172026  18
064006064190  17
064006222062  18
064006181235  17
064006178047  17
064006205236  17
064006178135  17
064006190194  17
064006191214  17
064006183074  18
064006167045  18
064006187079  17
064006029049  17
064006051229  18
064006215248  17
064006028176  17
064006100070  17
064006006050  18
064006107138  19
064006126135  18
064006179209  19
064006179030  18
064006184100  19
064006106099  17
064006023005  17
064006190218  17
064006016185  17
064006192251  17
064006177062  19
064006179057  18
064006194042  18
064006014122  17
064006022217  17
064006177209  17
064006170088  17
064006051231  17
064006019189  20
064006184150  21
064006116017  17
064006100034  17
064006183166  19
064006024011  17
064006112212  17
064006031200  18
064006098229  17
064006098149  17
064006167186  18
064006116182  17
064006127115  17
064006176167  17
064006022243  17
064006191211  19
064006231197  18
064006097111  17
064006183012  18
064006178064  18
064006101099  17
064006195056  19
064006175204  20
064006004094  17
064006026191  17
064006187124  18
064006070218  17
064006189012  17
064006194133  18
064006171248  19
064006233210  19
064006194222  17
064006179027  17
064006139082  17
064006223105  18
064006179189  18
064006008056  19
064006190028  17
064006177224  17
064006188175  18
064006182191  19
064006187130  18
064006129251  17
064006152231  17
064006110012  17
064006126173  17
064006102091  17
064006028253  17
064006151138  19
064006178016  17
064006021228  18
064006223234  17
064006138048  18
064006193020  18
064006192193  18
064006019216  17
064006129019  18
064006172115  18
064006223139  19
064006183136  18
064006177206  20
064006052035  17
064006180073  18
064006014124  17
064006188195  17
064006132041  18
064006182057  17
064006102175  21
064006045029  18
064006225119  18
064006051250  19
064006009212  17
064006054019  18
064006188199  17
064006023166  17
064006189002  17
064006233227  19
064006019190  18
064006191157  18
064006008055  17
064006234004  17
064006178126  17
064006097219  18
064006233012  19
064006177093  17
064006052113  17
064006181086  17
064006212162  18
064006129078  17
064006094215  17
064006207149  17
064006091057  17
064006182248  17
064006165234  17
064006205010  17
064006181074  20
064006191162  18
064006195058  21
064006098070  17
064006178049  17
064006101024  18
064006190032  17
064006189041  17
064006193201  18
064006026037  17
064006180018  18
064006185065  17
064006029037  18
064006099014  17
064006179000  20
064006179070  17
064006224201  18
064006181194  17
064006136136  17
064006017043  17
064006132059  17
064006191223  17
064006233223  17
064006010031  17
064006092062  17
064006183106  18
064006187244  20
064006099083  17
064006141198  17
064006192194  17
064006194049  18
064006065230  17
064006108130  17
064006178051  17
064006166185  17
064006184186  20
064006192234  17
064006058181  17
064006008107  18
064006227034  18
064006177086  18
064006098022  17
064006019114  17
064006176022  17
064006180029  20
064006175234  18
064006191161  18
064006176156  20
064006190038  18
064006022165  18
064006194178  17
064006104032  17
064006040051  19
064006191116  17
064006181151  18
064006194060  17
064006096010  17
064006177004  17
064006093218  18
064006031045  17
064006127008  18
064006173226  17
064006178043  19
064006178136  20
064006099098  17
064006188075  17
064006180124  18
064006175229  17
064006116100  17
064006179253  18
064006051168  17
064006165254  17
064006175050  17
064006206230  17
064006231212  18
064006190034  20
064006183028  17
064006096234  17
064006033155  17
064006183032  19
064006184123  19
064006191098  17
064006180148  17
064006198014  17
064006076121  17
064006192245  17
064006173134  19
064006179222  19
064006175157  20
064006128164  19
064006175124  20
064006217070  17
064006009123  17
064006128105  17
064006194191  18
064006040221  17
064006180212  17
064006248037  17
064006188158  18
064006094171  18
064006005186  18
064006173028  17
064006096004  18
064006180086  17
064006182148  23
064006088100  17
064006222247  17
064006207135  17
064006007027  17
064006189091  17
064006188007  17
064006176054  18
064006177146  19
064006141116  17
064006051198  17
064006023011  17
064006180103  19
064006043171  17
064006128120  17
064006106024  17
064006197036  17
064006100215  17
064006101031  20
064006189033  20
064006172031  18
064006184068  20
064006181238  17
064006026147  18
064006176154  17
064006233078  17
064006180132  18
064006192218  19
064006191187  18
064006180056  17
064006093188  18
064006195082  17
064006237237  17
064006188225  19
064006223107  17
064006079025  19
064006191232  18
064006177208  18
064006188151  17
064006094121  19
064006149241  17
000080086160  112
064006131140  17
064006195032  18
064006171108  18
064006194167  18
064006182166  21
064006196107  17
064006214080  17
064006107142  17
064006106063  17
064006179014  18
064006183239  17
064006191147  17
064006179168  17
064006115137  18
064006191125  18
064006182137  19
064006005015  18
064006182185  20
064006128026  17
064006093213  17
064006176024  19
064006023012  18
064006017252  17
064006100142  18
064006179186  18
064006225055  18
064006194024  20
064006151225  17
064006194031  18
064006179206  17
064006193105  18
064006183053  17
064006177178  17
064006193236  17
064006182217  22
064006180000  17
064006098212  17
064006228110  17
064006139059  17
064006096069  17
064006098186  17
064006023213  17
064006185238  18
064006180134  17
064006193036  17
064006051109  17
064006188226  21
064006131105  21
064006170231  17
064006175160  17
064006181043  17
064006177236  17
064006047208  17
064006094098  18
064006193032  18
064006192044  19
064006175210  21
064006094017  18
064006096097  19
064006183181  18
064006052097  17
064006188138  18
064006044218  17
064006182239  18
064006020036  17
064006151193  17
064006180128  17
064006094153  17
064006182179  22
064006051211  17
064006190246  17
064006188196  17
064006173254  17
064006169096  17
064006030008  17
064006189058  18
064006188134  19
064006188218  20
064006018225  18
064006131213  20
064006106027  17
064006223200  17
064006188006  20
064006188034  18
064006193242  19
064006191024  19
064006169021  17
064006022137  17
064006102206  18
064006019212  17
064006188133  20
064006051252  18
064006094134  17
064006182077  18
064006188130  19
064006181231  19
064006055035  19
064006191154  20
064006015126  17
064006194081  17
064006097246  17
064006097231  17
064006191127  20
064006184206  18
064006166048  18
064006187224  17
064006127201  18
064006052025  17
064006191109  20
064006184154  17
064006171109  18
064006233087  17
064006004226  18
064006017195  18
064006188140  17
064006128081  17
064006191210  17
064006188128  18
064006179001  17
064006178254  18
064006190226  18
064006101247  19
064006130191  17
064006233118  17
064006113036  17
064006127018  18
064006099186  18
064006028167  19
064006185172  19
064006215110  17
064006122241  17
064006187248  19
064006016225  17
064006177008  19
064006192011  20
064006171007  18
064006188010  17
064006177249  17
064006180030  17
064006101101  17
064006100218  18
064006175054  18
064006176008  18
064006131227  18
064006192077  17
064006097224  17
064006185033  17
064006190019  17
064006045137  17
064006194163  19
064006194045  19
064006194198  17
064006175164  18
064006103050  17
064006040065  17
064006132013  18
064006176195  19
064006188202  17
064006019132  17
064006019106  17
064006188186  19
064006013185  18
064006007225  17
064006191250  17
064006191155  17
064006195067  17
064006019146  17
064006174034  17
064006052045  18
064006194164  17
064006182180  19
064006099052  18
064006191130  18
064006062217  17
064006018012  18
064006019149  19
064006182214  17
064006192247  18
064006253184  17
064006184037  18
064006171155  17
064006096153  17
064006099196  17
064006122134  17
064006094013  17
064006193061  17
064006191139  19
064006104184  17
064006188192  17
064006188166  17
064006193177  17
064006188107  18
064006180243  18
064006187126  18
064006183156  20
064006028121  17
064006162197  17
064006022061  17
064006187188  23
064006093216  17
064006190199  17
064006173018  17
064006233061  17
064006005148  17
064006098132  20
064006233171  18
064006139067  20
064006096094  17
064006203032  17
064006005212  18
064006176228  17
064006191153  19
064006052213  17
064006188162  17
064006171118  20
064006190049  17
064006099080  17
064006188000  19
064006169039  17
064006222143  18
064006169192  17
064006188148  18
064006222144  18
064006184108  19
064006019062  20
064006184172  18
064006131063  17
064006188253  19
064006010226  17
064006178212  17
064006128045  17
064006051233  18
064006173185  18
064006184190  17
064006091134  17
064006013231  17
064006106212  17
064006176155  20
064006065072  17
064006099030  17
064006175115  17
064006186031  18
064006194116  17
064006185044  17
064006176064  17
064006018050  17
064006183087  18
064006171244  17
064006182076  19
064006193120  17
064006185122  18
064006178195  17
064006101104  18
064006172170  17
064006094234  18
064006187165  17
064006179096  17
064006176084  18
064006180025  17
064006095217  17
064006019241  20
064006096024  17
064006184220  17
064006175202  22
064006197090  17
064006187092  18
064006189132  17
064006008138  17
064006024201  18
064006183004  17
064006191182  18
064006183055  20
064006181245  17
064006175042  17
064006171087  17
064006214065  17
064006128152  17
064006093007  17
064006065166  17
064006175186  18
064006144222  17
064006176116  18
064006150067  17
064006170247  17
064006180042  17
064006182147  17
064006225053  17
064006187212  18
064006023090  18
064006223106  17
064006094199  17
064006191245  17
064006189054  18
064006171100  17
064006179250  17
064006179234  17
064006181124  17
064006132160  19
064006233226  18
064006193206  19
064006183072  20
064006099104  17
064006139158  17
064006096082  17
064006182235  17
064006207087  18
064006051133  17
064006213215  18
064006181075  17
064006185086  19
064006164233  17
064006183143  17
064006185148  17
064006019210  17
064006050199  17
064006099100  17
064006175215  20
064006023060  17
064006113003  17
064006128088  19
064006175004  17
064006190047  17
064006194088  17
064006222011  17
064006018014  17
064006184007  17
064006178108  17
064006005182  18
064006100214  18
064006174184  18
064006096134  17
064006227055  18
064006182177  18
064006180054  17
064006173081  17
064006188044  18
064006191170  18
064006189047  18
064006028126  17
064006191202  18
064006102118  18
064006131170  17
064006179188  17
064006190069  17
064006183200  17
000000018235  18
064006177139  18
064006191151  20
064006191183  18
064006045190  17
064006187136  17
064006201226  18
064006176251  17
064006187108  17
064006028191  18
064006194131  17
064006225114  18
064006173036  17
064006182017  17
064006165098  18
064006178086  17
064006017177  17
064006018022  17
064006011120  17
064006188230  18
064006180088  17
064006185020  19
064006227036  17
064006131123  18
064006182149  19
064006214048  19
064006181056  18
064006189099  18
064006211046  17
064006188190  17
064006128046  17
064006099077  19
064006182146  19
064006053131  19
064006191136  18
064006098109  17
064006014184  17
064006090240  17
064006199016  17
064006194083  17
064006181047  18
064006185146  19
064006175237  19
064006184171  19
064006131246  18
064006132001  17
064006053213  17
064006170072  17
064006051248  17
064006044222  19
064006214059  17
064006192254  17
064006178050  19
064006115243  17
064006182044  18
064006016214  18
064006190002  17
064006127117  19
064006097201  18
064006019108  17
064006126215  18
064006175232  21
064006224196  17
064006195024  18
064006181042  17
064006182120  19
064006174078  17
064006086122  17
064006019128  18
064006191137  17
064006177234  18
064006098028  17
064006223169  17
064006223147  18
064006099128  17
000000003218  17
064006023019  17
064006222004  17
064006179114  18
064006027153  18
064006122160  17
064006013181  17
064006194102  18
064006029023  17
064006032007  19
064006133055  17
064006222172  18
064006183001  17
064006185166  17
064006024001  17
064006175224  18
064006183080  17
064006098215  17
064006019022  17
064006105202  17
064006188081  18
064006019121  17
064006176052  17
064006175195  18
064006177118  17
064006193172  20
064006050137  17
064006065216  17
064006180106  18
064006191168  17
064006189001  17
064006027242  18
064006171241  17
064006096018  17
064006027042  17
064006176076  18
064006193112  17
064006094055  19
064006190200  19
064006178116  18
064006175179  21
064006094119  17
064006051021  17
064006055005  18
064006178014  17
064006185245  18
064006193097  19
064006189186  19
064006180136  17
064006177088  19
064006239177  17
064006232250  17
064006118098  17
064006126121  18
064006024075  17
064006177116  17
064006136190  17
064006219107  17
064006087235  18
064006178205  17
064006176003  19
064006093186  18
064006048231  18
064006188100  17
064006177201  17
064006023108  19
064006108134  18
064006173148  18
064006008042  18
064006127119  17
064006181041  18
064006190238  17
064006087248  17
064006008075  18
064006134147  17
064006178044  17
064006185118  17
064006019142  17
064006173151  17
064006131023  19
064006106230  17
064006217072  18
064006098044  17
064006065029  18
064006028251  17
064006233068  17
064006186054  18
064006102159  19
064006094078  19
064006164009  18
064006023123  17
064006177204  18
064006178072  18
064006102116  19
064006191192  18
064006180064  18
064006129001  17
064006165230  18
064006202240  17
064006225043  18
064006224233  17
064006181199  19
064006133028  17
064006179228  17
064006215092  17
064006191219  18
064006050119  18
064006232035  19
064006026043  17
064006094120  18
064006187239  17
064006193210  17
064006192246  18
064006175151  18
064006094086  17
064006189252  17
064006181212  19
064006186023  17
064006102154  17
064006172206  18
064006102149  18
064006128019  17
064006191111  18
064006189049  18
064006191230  17
064006029024  17
064006189242  17
064006174120  17
064006132081  17
064006175038  18
064006200108  18
064006029031  19
064006173202  18
064006094170  18
064006126166  17
064006020004  19
064006182145  17
064006171002  17
064006184056  18
064006161244  17
064006106035  20
064006051147  17
064006131152  18
064006060004  17
064006191169  19
064006019088  18
064006175171  21
064006010061  18
064006046042  17
064006179215  17
064006191244  18
064006114190  17
064006097064  19
064006194132  19
064006194174  17
064006106105  17
064006187152  17
064006187148  18
064006190115  17
064006022220  17
064006182212  18
064006189059  17
064006097099  17
064006178070  17
064006177173  17
064006064218  18
064006214246  18
064006023039  18
064006188015  17
064006204036  17
064006183164  17
064006194129  19
064006189119  17
064006106033  17
064006172182  17
064006189081  17
064006183097  18
064006187240  18
064006102071  17
064006193044  18
064006189170  17
064006183196  20
064006008136  17
064006153003  17
064006183003  17
064006101045  17
064006182223  18
064006182122  19
064006170070  17
064006128086  18
064006052227  17
064006187063  17
064006025158  17
064006029021  17
064006188055  17
064006175206  21
064006019000  17
064006176126  17
064006183150  17
064006092058  17
064006183151  17
064006015077  17
064006183146  17
064006197150  19
064006009010  18
064006179191  17
064006183033  17
064006182150  18
064006183094  19
064006132062  17
064006183088  18
064006180098  19
064006174150  17
064006190009  17
064006051127  19
064006019064  18
064006189238  18
064006187178  17
064006187168  20
064006101204  17
064006187138  18
064006189000  24
064006182066  18
064006019208  19
064006223145  18
064006094002  18
064006171136  17
064006097238  18
064006102157  17
064006177094  17
064006182222  18
000000054083  17
064006233156  18
064006182209  17
064006182110  18
064006171024  18
064006182190  18
064006180005  18
064006045117  18
064006191082  18
064006189018  18
064006193150  18
064006178222  17
064006126169  17
064006004180  17
064006178004  18
064006190192  19
064006182156  17
064006018006  17
064006222037  17
064006217037  18
064006127086  17
064006223110  17
064006105250  17
064006018253  19
064006013209  17
064006211074  17
064006188178  17
064006191238  17
064006018018  17
064006166197  17
064006132051  17
064006127107  17
064006019041  17
000000209041  17
064006095147  19
064006006115  18
064006035079  17
064006102126  19
064006107241  18
064006186221  18
064006195174  17
064006028140  18
064006023223  18
064006193244  17
064006014121  19
064006193171  17
064006177195  18
064006170243  17
064006190217  18
064006238135  17
064006025085  17
064006009061  18
064006181061  18
064006182153  18
064006099081  18
064006233214  17
064006233158  17
064006233150  17
064006233129  17
064006166077  17
064006232218  19
064006169112  17
064006180082  19
064006093226  18
064006126220  17
064006203080  17
064006207155  18
064006205202  17
064006204222  18
064006192230  17
064006203142  17
064006065030  17
064006017192  17
064006236219  18
064006199129  19
064006099166  17
064006197200  17
064006197184  17
064006196240  17
064006194202  17
064006106082  18
064006194161  17
064006194158  18
064006194156  18
064006194107  17
064006194070  18
064006194014  17
064006194006  21
064006194005  17
064006194004  19
064006097181  17
064006019196  17
064006045070  17
064006193241  17
064006182053  19
064006126211  17
064006127134  17
064006193216  18
064006184046  17
064006097000  17
064006204234  17
064006047206  17
064006029041  18
064006193202  20
064006023021  19
064006185176  18
064006185124  18
064006127028  17
064006092154  17
064006052121  18
064006004249  18
064006095157  17
064006190068  17
064006099087  19
064006108203  17
064006233236  18
064006105054  18
064006183023  18
064006189015  20
064006100025  17
064006128047  19
064006205232  17
064006175126  17
064006182078  18
064006193183  19
064006193182  18
064006023178  18
064006127071  19
064006223115  18
064006193064  18
064006178132  17
064006105030  18
064006193174  17
064006100083  17
064006192015  17
064006019085  18
064006127141  18
064006094051  17
064006013133  17
064006136142  17
064006100099  19
064006100097  18
064006100085  17
064006193098  20
064006184135  19
064006228099  17
064006193151  17
064006193146  19
064006089072  17
064006188220  19
064006105018  17
064006186220  17
064006179072  18
064006055136  19
064006095127  18
064006019139  17
064006104241  17
064006139009  19
064006187181  17
064006193129  17
064006182186  17
064006193117  19
064006189160  17
064006068184  17
064006132218  17
064006023070  18
064006102161  18
064006193095  17
064006026217  17
064006144157  17
064006127020  17
064006168142  17
064006113045  17
064006101042  19
064006097171  17
064006106221  18
064006193085  18
064006193081  18
064006175222  17
064006176006  19
064006185141  17
064006192222  19
064006200074  17
064006182071  18
064006191236  18
064006022208  17
064006022142  17
064006175243  19
064006019037  18
064006019020  17
064006019004  17
064006015123  17
064006010028  17
064006097110  17
064006182060  17
064006193041  17
064006193039  17
064006193037  17
064006100033  17
064006193205  19
064006193021  18
064006193019  18
064006168047  17
064006193011  17
064006065064  17
064006222099  18
064006106222  17
064006139016  17
064006177217  18
064006192248  18
064006192238  18
064006192226  17
064006197168  17
064006024137  18
064006103115  17
064006166178  17
064006131039  17
064006127210  17
064006017042  17
064006182072  17
064006065244  17
064006183203  18
064006065228  17
064006065219  17
064006184231  17
064006019061  17
064006065214  17
064006055195  17
064006018084  17
064006191118  17
064006174016  20
064006190184  18
064006051094  18
064006206226  17
064006101131  17
064006101033  17
064006190051  17
064006176181  17
064006192132  18
064006185222  18
064006008134  18
064006068051  19
064006193102  17
064006191120  17
064006192103  17
064006205218  17
064006184093  17
064006018189  17
064006194082  17
064006198239  19
064006192042  17
064006194187  18
064006183002  20
064006014144  17
064006175231  18
064006017064  19
064006195211  17
064006096176  17
064006023064  17
064006023130  17
064006191022  18
064006191212  19
064006127138  17
064006190172  18
064006131220  17
064006052055  17
064006190070  18
064006177199  17
064006166153  18
064006188048  17
064006183125  18
064006190175  18
064006185103  18
064006192017  18
064006180004  19
064006182234  18
064006186052  17
064006064212  17
064006176121  17
064006027152  17
064006027150  18
064006184151  18
064006175238  23
064006177188  18
064006234048  19
064006028019  17
064006016062  18
064006094111  17
064006190020  18
064006122046  18
064006182095  17
064006190197  18
064006152161  18
064006180214  18
064006189134  17
064006096064  17
064006098182  17
064006103118  17
064006103109  17
064006094008  19
064006103087  18
064006103086  17
064006177070  17
064006022045  18
064006101093  17
064006193088  17
064006139071  17
064006023043  19
064006093121  17
064006178007  17
064006186066  17
064006204047  18
064006181069  17
064006005156  17
064006026219  17
064006099108  17
064006098098  19
064006194218  17
064006182205  17
064006184017  17
064006192018  18
064006189136  20
064006018129  19
064006022140  17
064006197156  18
064006186100  17
064006023109  18
064006107034  17
064006065070  18
064006084234  17
064006173064  17
064006129033  17
064006018114  17
064006181082  18
064006171005  18
064006127116  17
064006128113  17
064006094076  18
064006186041  17
064006181025  17
064006186094  18
064006177128  17
064006189210  18
064006191069  17
064006189103  17
064006183178  17
064006184101  18
064006017246  18
064006188182  18
064006223027  18
064006099082  17
064006051195  17
064006188030  19
064006183185  17
064006169240  18
064006184149  18
064006184138  17
064006182164  19
064006185151  18
064006185150  20
064006093156  17
064006127249  17
064006093106  17
064006188106  18
064006026254  17
064006184147  17
064006026248  17
064006188139  17
064006112244  17
064006022134  19
064006194022  17
064006193192  18
064006131163  17
064006182109  17
064006181148  17
064006183204  17
064006188201  17
064006188155  17
064006097213  17
064006189212  19
064006195000  18
064006179194  17
064006106164  18
064006225111  17
064006187140  18
064006194196  19
064006198137  17
064006100043  17
064006101206  17
064006121022  17
064006184161  17
064006101172  18
064006193222  17
064006193199  17
064006193133  18
064006193122  18
064006193045  17
064006193008  20
064006192216  20
064006099078  17
064006100200  17
064006192051  17
064006192006  17
064006191248  18
064006191218  18
064006191188  19
064006191178  18
064006191167  18
064006191159  18
064006191129  17
064006191102  17
064006191092  17
064006191071  18
064006190250  17
064006190202  17
064006190195  17
064006190189  17
064006190188  18
064006189200  17
064006190171  17
064006190166  17
064006190141  19
064006190101  18
064006190094  19
064006190088  18
064006190078  18
064006190059  18
064006190052  18
064006190036  18
064006189228  17
064006189204  18
064006189108  18
064006189102  18
064006189085  17
064006189064  17
064006189052  22
064006189048  17
064006189036  19
064006189034  18
064006189004  20
064006188246  17
064006188245  18
064006181136  17
064006188198  17
064006188079  18
064006187060  20
064006187027  17
064006146229  17
064006186172  18
064006189114  18
064006186039  18
064006186028  17
064006186026  17
064006185236  17
064006185209  17
064006185140  18
064006185056  18
064006184252  17
064006184213  20
064006184133  19
064006184132  19
064006184116  18
064006184111  19
064006184103  17
064006184102  18
064006184089  17
064006081035  17
064006184060  17
064006184058  17
064006184026  17
064006183212  17
064006183180  17
064006183116  18
064006183086  18
064006183079  20
064006183046  18
064006172168  17
064006182250  18
064006182213  18
064006182173  19
064006182168  19
064006182159  19
064006182144  17
064006182090  17
064006182089  17
064006182083  17
064006182056  17
064006182046  17
064006182029  17
064006181252  17
064006185229  17
064006181202  17
064006181198  18
064006227144  17
064006181078  21
064006181073  17
064006167146  18
064006122170  17
064006098106  17
064006176021  17
064006178242  17
064006095124  17
064006139045  18
064006181128  18
064006073100  18
064006181026  18
064006019028  20
064006104212  17
064006080140  17
064006191213  19
064006098167  20
064006046040  17
064006174192  19
064006191103  18
064006192124  17
064006023151  17
064006178247  17
064006103144  17
064006102023  17
064006181077  17
064006128013  18
064006188068  19
064006101232  17
064006013103  17
064006098069  17
064006182198  21
064006180220  17
064006124111  18
064006227075  18
064006180188  19
064006131216  17
064006194096  18
064006098000  19
064006185144  19
064006018203  17
064006193029  17
064006184065  17
064006106213  20
064006098084  18
064006180142  17
064006188214  19
064006018227  18
064006175032  18
064006102130  18
064006052017  17
064006182203  18
064006022010  17
064006136215  19
064006022189  17
064006114231  17
064006106214  17
064006023088  17
064006019079  18
064006193215  18
064006052021  18
117006131044  17
064006175134  17
064006132182  18
064006115215  17
064006184082  18
064006115088  17
064006114208  17
064006114198  18
064006187144  18
064006105106  17
064006113004  19
064006187246  18
064006175199  18
064006115208  18
064006097228  17
064006189221  18
064006021025  18
064006027004  18
064006023055  18
064006177096  17
064006197232  17
064006023120  17
064006176062  18
064006017088  17
064006023073  17
064006176032  17
064006021023  17
064006101049  19
064006023040  17
064006175214  17
064006023038  19
064006189035  17
064006191143  17
064006194043  17
064006023029  18
064006023023  17
064006023003  18
064006022242  18
064006022225  17
064006022187  17
064006167182  17
064006233240  17
064006222161  17
064006022136  17
064006182042  20
064006187238  18
064006101047  18
064006004240  18
064006021234  18
064006099111  19
064006152195  19
064006019205  17
064006185119  18
064006021180  17
064006018194  18
064006102155  17
064006231136  17
064006017119  17
064006131231  17
064006097221  17
064006116218  18
064006058088  17
064006126201  17
064006238238  17
064006151210  17
064006104002  17
064006189126  18
064006110191  18
064006023133  17
064006128087  18
064006109248  17
064006176125  17
064006019060  17
064006187086  20
064006194108  17
064006171185  18
064006165107  17
064006175150  18
064006108099  17
064006191030  17
064006176183  17
000000093154  19
064006020007  19
064006185147  19
064006086246  18
064006199199  17
064006184088  18
064006014093  17
064006170008  17
064006169186  17
064006183085  20
064006042183  17
064006017225  17
064006103088  18
064006166034  17
064006166002  17
064006017033  17
064006223187  17
064006016186  20
064006016069  17
064006015135  17
064006194023  19
064006184232  18
064006014141  17
064006099099  17
064006224189  17
064006101100  17
064006190173  17
064006099079  18
064006019123  17
064006005176  18
064006184202  19
064006180074  19
064006190076  17
064006175240  17
064006185019  17
064006065010  17
064006022062  17
064006106074  17
064006096233  17
064006171131  17
064006106060  17
064006177067  17
064006171066  17
064006175117  17
064006095197  17
064006188047  17
064006194226  17
064006097166  17
064006098064  19
064006099231  17
064006022055  18
064006183103  18
064006175187  17
064006182249  18
064006114214  17
064006093127  17
064006022215  17
064006171021  17
064006008162  18
064006182129  17
064006183037  17
064006008132  17
064006093255  17
064006009244  18
064006018032  17
064006177035  17
064006175227  18
064006101107  18
064006068000  17
064006177228  20
064006201230  17
064006190220  17
064006217084  17
064006177194  19
064006177191  18
064006150087  19
064006064222  17
064006192038  18
064006021158  17
064006193173  18
064006190062  17
064006101207  18
064006039223  17
064006096113  17
064006175219  18
064006018005  17
064006196158  17
064006093241  17
064006175142  18
064006186225  17
064006178012  18
064006175216  23
064006028187  18
064006114141  17
064006206167  17
064006105210  17
064006146231  17
064006026099  17
064006099076  17
064006166228  18
064006113035  17
064006005111  17
064006099197  17
064006100209  17
064006189239  18
064006132057  17
064006179086  17
064006186124  17
064006009208  17
064006189019  23
064006195030  17
064006189244  17
064006192189  17
064006184211  18
064006176030  18
064006181054  17
064006094056  19
064006189057  19
064006129232  17
064006175249  19
064006023209  17
064006194250  17
064006020022  17
064006169225  17
064006105151  17
064006176160  21
064006234044  18
064006094205  17
064006097202  18
064006189014  19
064006185155  18
064006127216  17
064006028161  18
064006179081  17
064006229185  17
064006026253  18
064006037251  17
064006022034  17
064006175141  18
064006188031  17
064006178028  17
064006008060  18
064006182188  18
064006189094  17
064006045115  18
064006183095  17
064006102190  17
064006020008  17
064006101027  19
064006184250  17
064006101240  19
064006053184  17
064006192250  18
064006127113  17
064006181196  18
064006103145  17
064006178238  21
064006176144  17
064006238104  17
064006185114  17
064006189216  18
064006027001  18
064006191204  18
064006177190  17
064006102059  17
064006102051  17
064006102009  17
064006098113  17
064006187230  17
064006180174  17
064006202216  18
064006020048  19
064006223199  17
064006234213  17
064006184159  17
064006151152  17
064006175029  17
064006023036  18
064006188124  17
064006172238  17
064006005102  17
064006201170  17
064006191176  17
064006024066  18
064006115146  17
064006074103  17
064006193115  17
064006181154  17
064006177158  17
064006192010  17
064006029042  17
064006097162  17
064006227210  18
064006019199  18
064006025183  17
064006100069  18
064006093251  17
064006184067  18
064006097188  18
064006127077  17
064006040003  17
064006171184  18
064006093243  17
064006173184  18
064006187132  18
064006193068  18
064006175145  21
064006232176  19
064006047127  17
064006187146  18
064006027108  17
064006189024  19
064006053202  17
064006188194  18
064006181068  19
064006193099  17
064006065004  17
064006063212  17
064006006223  18
064006102087  17
064006184113  17
064006175112  17
064006190158  19
064006175176  22
064006151183  17
064006189050  19
064006190116  18
064006184180  18
064006019089  18
064006177092  19
064006175180  18
064006028227  17
064006183184  19
064006051169  17
064006182115  17
064006064198  18
064006194078  17
064006131226  17
064006225095  17
064006097254  17
064006177115  17
064006182228  17
064006131130  17
064006184091  18
064006182108  17
064006182224  18
064006051015  18
064006185190  18
064006052009  17
064006021251  17
064006037083  17
064006185232  19
064006169184  19
064006175131  18
064006175158  20
064006178168  18
064006126156  17
064006191152  20
064006188187  17
064006070211  17
064006179200  17
064006180123  17
064006052144  17
064006171003  17
064006188099  17
255255224013  287
064006177210  17
064006180172  17
064006022188  20
064006094019  17
064006150145  17
064006170242  19
064006106118  19
064006090234  17
064006186158  17
064006188197  18
064006177029  20
064006015128  18
064006189055  17
064006099202  17
064006187008  18
064006176002  18
064006126181  17
064006128005  17
064006165181  17
064006216223  17
064006181153  17
064006098004  17
064006182038  18
064006190014  18
064006188073  17
064006019213  18
064006094090  17
064006176096  18
064006194126  20
064006132130  19
064006209124  17
064006031197  17
064006177060  17
064006182230  17
064006199136  17
064006182233  18
064006103151  17
064006182070  18
064006098127  19
064006105114  18
064006131001  17
064006051247  20
064006169244  18
064006184181  20
064006204098  17
064006019090  17
064006130206  18
064006182178  18
064006167056  17
064006174066  20
064006176162  20
064006149240  18
064006189214  21
064006217038  20
064006005089  17
064006193217  17
064006184174  18
064006179080  18
064006099084  18
064006222166  17
064006178052  17
064006222032  17
064006051013  18
064006106226  17
064006179026  18
064006175147  20
064006180112  17
064006192022  17
064006019043  19
064006166008  18
064006171094  17
064006222005  17
064006233160  17
064006020000  17
064006037190  18
064006188096  19
064006051228  17
064006189051  19
064006190230  18
064006187041  17
064006185178  19
064006023004  17
064006097060  18
064006184071  19
064006005166  17
064006182245  21
064006010021  18
064006136024  17
064006027051  17
064006101026  18
064006194125  19
064006101238  17
064006184036  17
064006193132  17
064006051043  17
064006168131  17
064006019077  17
064006065120  18
064006046070  17
064006191090  17
064006128067  17
064006183081  21
064006180072  17
064006126175  17
000000151058  17
064006010017  17
064006177030  19
064006188122  17
064006094081  17
064006180143  17
064006024159  19
064006186226  20
064006189023  20
064006193087  17
064006186154  17
064006203159  17
064006181208  19
064006096078  17
064006191094  18
064006191145  17
064006020073  17
064006045174  17
064006069137  18
064006028181  17
064006059037  18
064006187040  17
064006171226  17
064006188008  17
064006221117  17
064006132217  17
064006183048  17
064006194237  17
064006020013  17
064006182121  17
064006102173  17
064006183183  18
064006182014  18
064006019027  17
064006097248  17
064006194246  17
064006189021  18
064006074197  17
064006192007  18
064006095013  17
000000082102  18
064006185212  19
064006175178  21
064006152203  17
064006175060  19
064006103152  17
064006096125  18
064006200228  17
064006182192  17
064006026100  17
064006130177  17
064006014055  19
064006094009  18
064006015134  17
064006188002  17
064006131240  19
064006197119  18
064006177196  18
064006007211  18
064006097078  18
064006180180  18
064006189138  18
064006193207  19
064006217193  17
064006173030  17
064006095006  18
064006180091  19
064006098163  17
064006175048  17
064006054232  17
064006181076  19
064006100039  17
064006190248  17
064006182176  19
064006168108  17
064006055137  17
064006175198  18
064006107080  17
064006180236  17
064006175166  18
064006191052  17
064006115179  17
064006019116  17
064006196199  17
064006005112  17
064006181237  17
064006080227  17
064006180065  18
064006127114  17
064006222009  17
064006191181  19
064006089020  17
064006106039  18
064006175080  18
064006132047  17
064006022209  17
064006098131  17
064006177176  19
064006194103  19
064006188038  19
064006192000  17
064006180183  18
064006006083  18
064006044199  17
064006097234  17
064006026130  17
064006180071  18
064006192172  17
064006182054  19
064006139126  17
064006189232  17
064006189030  20
064006189008  20
064006074251  17
064006097035  18
064006183218  18
064006191207  18
064006195008  18
064006094053  17
064006175209  19
064006176146  18
064006184024  18
064006023217  17
064006152133  17
064006175212  22
064006184097  18
064006192196  18
064006184193  18
064006065086  17
064006183148  17
064006014090  17
064006193109  20
064006195084  17
064006176043  18
064006019183  18
064006151211  19
064006185002  18
064006042197  17
064006127012  18
064006017159  17
064006197134  19
064006174252  17
064006176242  17
064006015035  17
064006220004  17
064006180055  17
064006166004  19
064006194097  17
064006095218  17
064006180210  18
064006053246  17
064006176252  17
064006211226  18
064006180147  18
064006182073  19
064006193089  17
064006186194  18
064006182163  18
064006192040  17
064006242084  17
064006226227  18
064006018003  17
064006171097  17
064006104179  18
064006101233  17
064006175104  18
064006177037  19
064006177189  19
064006171197  17
064006194136  20
064006053141  17
064006107105  18
064006175208  21
064006185244  19
064006186193  19
064006184207  18
064006096090  17
064006185090  18
064006189120  18
064006103123  18
064006202210  17
064006175143  17
064006097082  17
064006191205  19
064006176040  18
064006181184  18
064006178024  18
064006094091  18
064006178039  17
064006071166  17
064006107141  18
064006023247  17
064006098096  19
064006187125  17
064006191249  18
064006182064  18
064006176073  17
064006190022  17
064006186207  17
064006188003  17
064006187122  17
064006128008  17
064006190130  17
064006178060  19
064006127137  17
064006103167  17
064006105085  18
064006234243  18
064006189025  18
064006214100  17
064006127073  17
064006027189  19
064006223121  17
064006165194  17
064006194011  18
064006175188  21
064006171209  17
064006184072  17
064006097132  18
064006021238  17
064006182087  17
064006171154  17
064006016187  17
064006186040  17
064006194101  18
064006222018  17
064006128041  18
064006180012  17
064006152150  17
064006186050  17
064006173238  18
064006108032  19
064006019186  17
064006131156  19
064006186214  18
064006008186  17
064006180099  17
064006019059  18
064006193119  18
064006234216  19
064006020061  17
064006182074  20
064006194139  19
064006127000  17
064006052108  17
064006188150  18
064006022051  18
064006099041  17
064006127105  18
064006184137  20
064006173126  18
064006178041  17
064006176018  17
064006023006  17
064006023211  18
064006188213  17
064006238216  17
064006182158  17
064006183154  19
064006103223  17
064006238233  17
064006194069  17
064006097250  17
064006189016  18
064006191128  17
064006132171  17
064006191158  19
064006018239  17
064006196239  17
064006194019  17
064006198176  17
064006188105  18
064006018247  17
064006205136  18
064006194028  17
064006151089  17
064006186229  19
064006188200  19
064006094079  19
064006098249  17
064006037191  17
064006179032  18
064006103219  17
064006192205  17
064006185220  18
064006178148  18
064006098073  17
064006182252  19
064006099048  18
064006105108  17
064006183059  19
064006183118  17
064006161224  17
064006180031  19
064006232238  18
064006099112  18
064006054188  17
064006051246  18
064006050251  17
064006028234  17
064006013194  17
064006020076  18
064006188109  18
064006184075  17
064006177003  17
064006223123  17
064006071094  17
064006152197  20
064006018119  17
064006171240  19
064006182008  17
064006182170  20
064006190193  17
064006040035  18
064006025181  17
064006232069  18
064006051217  17
064006095030  18
064006094130  18
064006190018  19
064006018104  17
064006176029  17
064006192004  17
064006175108  19
064006178032  19
064006192134  17
064006009020  17
064006193211  24
064006177039  19
064006222156  17
064006098001  18
064006175197  18
064006180067  18
064006101202  17
064006022103  20
064006178146  17
064006099102  20
064006127182  17
064006023229  18
064006184090  18
064006229071  17
064006193113  18
064006104244  17
064006051251  17
064006182194  18
064006184242  18
000080086155  60
064006194012  17
064006189066  20
064006099195  19
064006019007  17
064006099059  17
064006180052  17
064006175156  20
064006097010  17
064006131027  17
064006053218  17
064006188016  18
064006179227  20
064006182215  18
064006019253  17
064006104154  18
064006184074  19
064006175056  17
064006193084  20
064006187251  17
064006180120  20
064006152053  17
064006182117  18
064006179120  18
064006105230  17
064006178227  17
064006029195  18
064006021240  18
064006017199  20
064006193124  17
064006084240  17
064006057056  17
064006127123  18
064006027029  17
064006127003  17
064006182025  17
064006094030  17
064006189240  19
064006174251  17
064006185224  18
064006182195  22
064006021031  17
064006189206  22
064006193027  18
064006113013  17
064006179164  17
064006189039  18
064006172004  18
064006131217  17
064006073083  17
064006099093  17
064006100040  17
064006188244  17
064006131024  18
064006171254  17
064006170033  17
064006027243  18
064006022002  17
064006098156  17
064006189219  18
064006189082  18
064006211016  17
064006182193  20
064006177075  18
064006182247  21
064006206016  17
064006179088  17
064006190046  18
064006177211  17
064006191209  19
064006177055  18
064006191163  17
064006094052  17
064006030005  18
064006099200  18
000000047121  19
064006052019  18
064006171101  17
064006167012  17
064006182199  19
064006011129  17
064006014133  18
064006176065  17
064006055210  17
064006098252  18
total items: 19855388
number of flows: 2639473
flows with spread bigger than 16: 3663
flows with spread bigger than 64: 2
flows with spread bigger than 200: 1
flows with spread bigger than 1000: 0
biggest spread: 287
