HLL value distribution
0 10288
1 347
2 324
3 314
4 262
5 292
6 260
7 237
9 217
10 234
11 216
13 238
15 216
16 200
18 194
20 203
22 202
24 189
26 202
28 167
31 168
34 187
37 154
40 153
44 175
48 168
53 164
59 168
66 140
74 1
75 123
78 1
80 12
81 10
82 15
83 10
84 8
85 10
86 10
87 15
88 79
89 8
90 8
91 12
92 9
93 17
94 11
95 3
96 11
97 12
98 12
99 11
100 8
101 8
102 8
103 6
104 6
105 7
106 4
107 6
108 16
109 12
110 31
111 12
112 2
113 11
114 11
115 8
116 7
117 8
118 12
119 4
120 10
121 3
122 14
123 3
124 9
125 8
126 6
127 14
128 6
129 5
130 7
131 8
132 13
133 8
134 4
135 16
136 11
137 9
138 8
139 7
140 16
141 7
142 8
143 3
144 6
145 9
146 3
147 6
148 7
149 12
150 6
151 5
152 2
153 6
154 8
155 4
156 8
158 6
159 5
160 6
161 4
162 10
163 6
164 4
165 12
166 10
167 4
168 4
169 8
170 3
171 5
172 7
173 8
174 2
175 4
176 12
177 6
178 11
179 4
180 11
181 5
182 8
183 2
184 5
185 3
186 8
187 8
188 10
189 8
190 2
191 5
192 11
193 3
194 3
195 5
196 5
197 7
198 2
199 4
200 2
201 4
202 4
203 6
204 6
205 5
206 5
207 3
208 2
209 6
210 1
211 7
212 4
213 5
214 5
215 2
216 4
217 6
218 6
219 5
220 3
221 1
222 1
223 3
224 4
225 1
226 3
227 6
228 3
229 8
230 9
231 1
232 2
233 3
234 2
235 3
236 4
238 3
240 2
241 4
242 6
243 1
244 1
245 6
246 5
247 2
248 2
249 7
250 4
251 2
252 6
253 5
254 1
255 6
256 2
257 3
258 2
259 6
260 5
261 4
262 5
263 2
264 2
265 3
266 4
267 1
268 3
269 1
270 2
271 3
272 7
273 2
274 2
275 2
276 2
277 2
279 4
280 4
281 4
282 2
283 3
284 6
285 1
286 1
287 3
288 1
290 1
291 5
292 1
293 2
294 4
295 3
296 2
297 2
298 2
299 3
300 5
302 1
303 5
304 3
305 1
306 3
307 2
308 2
309 1
310 6
311 3
313 3
314 1
315 3
317 4
318 4
319 6
321 2
322 2
323 3
324 2
326 1
327 4
328 1
329 1
330 1
331 1
332 2
335 1
337 5
338 3
339 1
340 3
341 1
342 1
346 3
349 2
350 3
351 1
352 1
353 2
354 2
355 4
358 2
359 4
360 2
362 2
363 2
365 3
366 1
367 2
369 8
370 5
372 2
373 1
374 1
375 2
376 3
377 1
378 1
380 3
383 2
384 3
385 1
386 2
387 3
389 3
390 4
391 4
392 4
393 8
394 2
397 1
399 1
400 4
401 3
402 1
403 4
404 2
405 2
410 2
411 1
412 1
414 1
416 2
417 5
418 4
419 1
421 1
422 1
423 3
424 1
425 3
426 1
427 2
429 1
433 1
434 1
435 2
436 1
437 1
439 4
440 1
442 2
443 1
444 1
445 2
446 4
447 2
449 2
450 2
451 1
452 1
454 4
459 2
460 3
461 1
463 1
466 2
468 1
472 2
478 4
480 1
481 2
482 1
483 1
486 2
489 2
490 1
495 1
496 1
498 2
500 4
502 2
503 1
504 3
505 1
506 1
510 1
513 2
515 1
516 2
517 2
520 3
521 3
522 1
525 3
527 1
528 4
530 3
532 1
533 2
535 2
537 5
539 1
540 1
542 2
543 3
544 2
545 2
546 1
547 2
549 1
550 2
551 2
555 1
561 1
564 1
567 1
568 3
569 1
571 1
573 1
574 4
576 1
577 1
582 2
584 2
589 2
590 2
592 5
593 1
596 1
597 2
598 1
600 1
602 2
605 2
607 2
609 2
610 1
616 3
617 1
619 2
622 1
624 1
626 2
628 2
634 5
635 4
637 2
639 2
640 2
641 1
643 1
644 1
645 2
646 3
652 1
653 2
659 1
660 2
663 2
670 4
673 1
674 1
675 2
678 1
679 2
682 1
683 1
684 1
685 2
688 1
690 3
691 2
693 2
698 1
700 1
702 2
706 1
707 1
716 3
717 2
718 1
720 3
721 2
723 1
725 2
730 3
732 1
735 2
736 1
739 5
743 4
744 3
747 1
748 1
751 2
752 1
753 4
756 2
757 2
759 1
763 3
766 1
767 1
769 2
772 4
773 5
775 2
776 1
778 4
781 1
782 1
783 4
784 3
785 2
787 1
790 1
792 2
796 3
799 4
801 2
802 1
805 2
808 1
809 1
810 1
817 1
828 2
831 1
832 1
833 2
835 1
836 2
840 1
841 1
842 1
844 2
849 1
850 1
852 2
853 1
855 1
856 3
859 3
860 1
864 8
865 4
870 6
873 1
875 1
877 5
878 2
879 2
883 1
884 1
886 1
889 1
894 1
896 1
897 5
899 2
900 2
901 2
902 1
903 2
904 1
905 1
907 2
911 1
921 1
922 1
923 1
925 2
926 2
928 1
930 1
931 1
932 2
934 2
935 1
937 2
938 1
940 1
942 2
943 2
944 2
947 1
951 2
956 2
957 1
958 2
960 1
965 1
966 1
972 2
977 2
978 1
984 2
994 2
995 1
999 2
1009 2
1024 2
1034 2
1040 1
1044 2
1045 1
1046 2
1052 1
1057 2
1060 1
1061 3
1065 1
1067 3
1069 2
1070 2
1072 1
1074 3
1075 2
1079 1
1080 1
1083 2
1084 1
1089 2
1090 1
1092 2
1097 4
1103 2
1104 2
1105 2
1106 2
1107 2
1110 2
1112 2
1114 1
1118 1
1121 3
1125 1
1130 4
1133 2
1136 4
1139 2
1141 2
1142 2
1144 2
1146 1
1148 1
1150 1
1152 1
1154 1
1156 2
1158 1
1163 1
1167 3
1170 1
1172 2
1176 2
1177 2
1180 1
1183 1
1184 2
1197 2
1200 2
1202 2
1209 2
1211 2
1212 1
1214 2
1222 1
1223 1
1224 2
1233 2
1240 2
1246 1
1250 1
1251 1
1256 3
1260 2
1263 3
1269 1
1271 1
1277 2
1286 2
1290 3
1292 2
1297 2
1298 1
1299 1
1303 1
1314 2
1319 2
1322 2
1328 1
1330 1
1331 2
1333 1
1337 2
1341 1
1344 2
1345 1
1352 2
1359 1
1363 2
1378 2
1396 1
1409 1
1416 1
1417 2
1418 3
1421 1
1431 1
1432 1
1434 1
1441 1
1442 1
1449 2
1450 1
1453 1
1459 1
1473 2
1479 1
1489 2
1491 4
1504 2
1507 2
1529 2
1543 1
1549 2
1550 1
1553 1
1555 1
1556 2
1573 1
1584 2
1585 2
1587 1
1592 2
1600 1
1608 2
1617 1
1624 2
1625 1
1626 2
1629 2
1633 2
1637 1
1643 2
1645 2
1652 1
1660 2
1680 2
1681 1
1695 2
1700 1
1704 1
1705 1
1718 1
1719 1
1721 2
1727 2
1731 1
1738 2
1741 1
1746 1
1759 1
1760 2
1763 1
1780 1
1795 1
1802 1
1805 1
1811 1
1814 1
1818 2
1821 1
1822 1
1825 2
1826 1
1829 2
1836 2
1837 1
1840 1
1843 1
1849 1
1855 1
1859 1
1862 2
1864 1
1874 1
1885 2
1886 2
1917 1
1936 2
1954 2
1955 2
1962 2
1971 1
1973 2
1975 2
1978 2
1982 1
1987 2
1991 2
2006 1
2011 2
2023 1
2027 1
2028 2
2035 2
2036 2
2041 2
2062 2
2067 1
2074 1
2086 3
2087 2
2098 1
2107 2
2108 2
2116 2
2119 4
2123 1
2131 2
2135 2
2143 2
2144 2
2151 2
2156 2
2164 2
2169 1
2201 1
2211 2
2213 1
2215 1
2219 1
2224 1
2227 2
2234 2
2242 1
2243 3
2254 1
2260 1
2265 1
2267 2
2272 2
2275 2
2302 1
2303 2
2309 2
2317 1
2320 1
2324 1
2325 1
2329 1
2344 2
2348 2
2350 1
2351 1
2362 1
2368 1
2372 2
2381 1
2393 1
2396 1
2406 2
2412 1
2414 1
2415 2
2420 2
2424 2
2425 1
2426 2
2428 2
2445 1
2458 2
2465 1
2467 2
2470 2
2478 2
2480 1
2481 2
2495 2
2500 1
2509 2
2518 2
2528 1
2529 4
2543 2
2549 2
2566 1
2584 2
2620 2
2639 1
2643 1
2657 2
2662 2
2680 1
2693 2
2701 2
2714 1
2716 2
2719 2
2720 2
2722 2
2751 1
2759 2
2761 1
2763 2
2772 2
2774 1
2779 2
2783 2
2794 1
2800 1
2804 2
2808 2
2811 2
2817 1
2839 1
2845 1
2847 2
2854 2
2902 1
2904 2
2905 1
2937 2
2970 2
2988 1
2989 2
2999 3
3034 2
3064 2
3074 1
3081 1
3119 2
3125 1
3207 2
3218 1
3238 2
3267 1
3348 3
3488 1
3556 1
3575 1
3586 2
3600 1
3609 2
3627 1
3670 2
3688 2
3773 1
3813 1
3826 1
3938 2
3950 2
4132 2
4200 1
4259 1
4262 1
4315 2
4399 1
4423 2
4509 1
4638 2
4782 1
4974 2
5197 2
5198 1
5256 2
5334 2
5489 2
5781 2
5808 2
5975 2
6025 2
6357 2
6579 2
6751 1
6807 1
6914 2
7030 2
7067 2
7219 2
7421 2
7544 2
7603 2
7733 1
7996 1
8123 2
8265 1
8326 2
8483 2
9374 2
10199 2
10596 1
10794 2
10810 2
11724 2
11979 2
13030 2
13252 2
13291 2
13506 2
13922 2
14052 2
14087 2
14974 1
15309 2
15584 2
15714 2
15769 1
15993 1
16304 1
16459 2
16604 1
17225 2
17491 2
17587 1
18152 2
18601 2
19202 2
19235 1
19948 2
20832 2
21818 2
22425 3
22810 2
24023 2
24925 2
25458 1
25487 1
26106 1
26819 2
28192 1
31019 2
31190 2
34371 2
34795 2
35174 2
35901 2
42688 2
43427 1
43510 2
44278 1
44717 2
52516 2
53134 2
53766 2
63611 2
63972 2
74775 2
75525 2
87527 2
89611 2
93314 2
Bitmap value distribution
0 422015
1 69720
2 20752
3 10166
6 7107
9 16373
