045238063231 106085
045238063168 105955
045252050189 77411
045238063216 74139
045031009016 66270
192254032037 65536
139053119011 65536
081068054104 62756
192254039115 61899
045252050109 59742
206142144060 49017
192254050149 47793
193232251075 44849
193194027169 41079
079124061175 39758
080189185222 33292
039107157211 32768
047152052073 32719
161097176110 31262
045252050157 28173
092206056089 26001
089135101222 25818
045242148143 25095
103241177097 25058
092206056043 25058
198070246086 23784
192254041137 23731
110190019029 23006
092206057073 22882
183047030220 21667
089135101049 21120
089135101053 21010
045242148223 19990
089135101221 19233
193194026193 18167
142173238140 17663
185107180240 17503
174244101086 17352
078032113130 17288
185006041120 17242
165249154078 16701
079124061210 16589
037254234100 16384
072239229147 16289
193249023206 16138
089135101061 15577
089135101103 14765
185072009086 14465
089135101119 14315
075122147237 13856
045252050132 13647
089135101052 13567
092206056035 13066
192254040115 11929
188116053051 11438
183047030241 9582
193194026040 8311
051173064180 8207
051164031120 8203
051113079156 8183
054036141234 8145
106050170039 7784
045074194204 7730
054036004042 7492
139053032199 7428
185006040050 7230
062223096074 7013
142215146150 6854
089135101152 6771
122216142111 6466
122228012144 6447
104076051178 6318
089135101155 6035
193194027200 5836
080189182119 5777
177127031164 5776
075122147254 5755
045247181152 5697
091016173000 5633
051164028153 5530
045252050078 5376
036243054242 5266
183047030218 4869
107186252108 4773
161097075149 4558
046040042226 4489
203194180154 4360
181126227070 4246
046040043060 4067
119012254250 4020
079124061000 3976
089135101166 3720
079124061201 3408
106048184021 3370
058203162051 3341
142015002208 3327
194027187208 3289
104004039051 3210
080189185134 3138
066000222222 3132
158186026009 3130
080189185033 3098
103241177177 3000
135118194192 2943
139162247088 2918
203234174115 2901
185016231216 2825
174244103103 2778
074127213130 2707
074127213128 2696
124123113085 2691
188138226071 2686
074127213139 2683
074127213136 2677
074127213137 2677
074127213138 2671
074127213132 2670
074127213140 2666
074127213131 2664
074127213134 2664
074127213142 2663
074127213129 2661
167136166173 2642
045222127117 2636
203194185198 2635
074127213141 2630
074127213135 2625
167136166175 2619
074127213143 2615
071199039023 2611
074127213133 2605
181240163009 2582
071199084108 2572
074127213148 2558
167136166174 2557
074127213154 2555
167136166166 2553
167136166163 2543
203234174058 2537
167136166168 2534
103241177045 2523
167136166167 2521
061180147130 2518
167136166170 2512
167136166172 2509
077121107173 2505
167136166164 2492
103077174225 2490
167136166162 2488
167136166171 2486
167136166165 2481
167136166255 2475
167136166249 2474
167136166250 2463
074127213150 2454
074127213159 2450
093169191093 2450
167136166169 2446
074127213144 2445
167136166161 2444
071199022232 2444
074127213153 2428
167136166160 2427
074127213156 2418
074127213149 2415
167136166241 2413
167136166187 2406
167136166248 2404
074127213155 2402
167136166191 2393
167136166252 2391
074127213158 2388
167136166179 2388
167136166240 2385
167136166242 2382
074127213145 2381
045230225223 2380
167136166184 2378
167136166247 2375
167136166253 2371
167136166245 2370
167136166176 2368
167136166251 2366
074127213152 2366
167136166254 2365
074127213151 2364
074127213157 2359
074127213146 2355
167136166181 2349
167136166246 2346
074127213226 2346
167136166180 2345
074127213234 2343
074127213147 2342
167136166186 2341
133218212225 2337
167136166243 2333
074127213229 2332
082103103101 2329
167136166189 2328
074127213227 2327
074127213232 2323
167136166178 2323
074127213236 2321
167136166188 2319
094153177209 2310
167136166185 2299
167136166182 2297
167136166244 2294
074127213230 2291
167136166183 2283
167136166177 2277
074127213228 2276
074127213224 2271
167136166190 2265
074127213237 2263
074127213235 2257
074127213239 2250
074127213238 2238
051173182135 2228
074127213231 2228
074127213225 2223
074127213233 2214
088240116142 2182
178248018158 2176
203194185209 2129
037254239167 2122
185202021233 2116
071199022231 2097
071199022235 2087
203194188136 2035
071199022234 2006
071199022237 1998
104022102028 1988
194062230058 1982
203194188243 1956
045241221156 1950
045242148094 1931
185016231221 1905
095062068191 1902
064030237244 1878
185037069223 1852
031072109175 1851
075122151077 1818
128216227189 1809
185016231220 1808
018064097211 1805
104067129208 1787
051231124131 1745
185037069242 1744
077182104247 1696
071199100024 1678
185016228240 1671
005002056073 1662
193135136023 1629
128216164237 1626
104045080220 1614
167099045031 1603
170034187008 1593
092134174222 1590
107172148181 1571
170034187004 1554
185045227005 1543
185045227025 1540
159161232185 1535
185045227053 1521
052182161161 1518
046153096071 1497
133199122117 1497
128018209146 1496
089221246075 1496
202166059101 1492
046153047074 1487
104045080214 1481
060194163151 1465
092134175029 1465
092134174202 1432
147198189192 1427
045241221157 1416
159161039115 1412
104045080242 1397
208071148036 1391
104023203229 1381
092134175034 1356
203194180138 1350
107186254208 1338
116219239231 1337
092134174205 1336
092134175061 1335
167068026249 1334
092134175010 1333
138197194133 1333
170034187046 1324
185045227058 1324
170034187031 1320
170034187038 1318
128216189235 1318
094016081116 1316
185045227029 1316
185045227037 1300
104079124237 1299
092134174253 1297
051190174079 1288
092134175025 1285
185045227018 1284
037084110090 1281
071199102007 1259
170034187048 1259
104045080247 1258
103180053053 1258
139162226062 1257
104045080238 1247
129087035185 1246
121239144104 1241
167212098186 1238
092134175042 1236
071199066215 1231
092134175021 1224
185045227062 1220
092134175001 1219
185045227021 1218
185045227001 1214
157026241132 1214
170034187013 1212
106049051066 1209
170034187033 1208
104045080253 1206
094027103076 1206
104079124196 1206
185045227042 1196
092134175017 1195
185045227010 1194
092134175053 1192
162252229030 1188
104079124225 1183
142173237154 1183
066000195146 1181
104045080183 1181
104045080230 1176
163189161018 1171
104045080192 1170
147204083108 1168
092134174250 1164
104045080198 1159
014119034000 1157
066000239073 1156
031093148067 1155
104045080224 1153
185045227014 1150
104045080190 1149
092134175005 1147
104079124253 1146
047126125157 1144
198070217032 1143
064028108185 1140
082175085247 1137
104079124248 1137
206142075004 1133
104045080204 1128
157026026104 1126
104079124231 1124
104045080200 1124
051190168109 1117
104045080217 1114
089135111236 1112
157009066132 1110
087127235111 1104
092134175013 1104
104079124214 1103
185045227033 1099
162252017169 1091
170034187063 1083
206142066132 1075
104079124223 1068
094016087141 1068
207247023201 1063
133218145055 1056
115103231016 1036
058072062005 1032
060131134209 1030
071199077070 1029
104079124211 1026
080185041189 1018
219177242141 1016
027043156196 1015
110012063116 1015
014179071088 1015
222084081137 1015
219177255243 1015
210241035049 1015
123204059048 1015
061128229107 1015
113178046208 1015
101029018177 1015
218179116224 1015
001244083078 1015
163206168085 1015
113096147210 1015
163206243111 1015
175018040134 1015
142173242201 1014
104079124232 1007
120180125185 1003
119171211147 999
118201156115 998
182124184214 991
027039075234 986
139162036242 982
122166011198 982
092134175058 980
181191015215 971
139177046124 968
061243180179 966
104079124217 960
045033199097 959
192254052035 959
066000208022 957
188228032007 956
172104242093 948
203194190067 945
128018209141 944
192254009039 944
165249130163 943
219173106163 942
071199077069 941
080161248217 940
128030001216 940
134062155210 937
157026247121 937
196179218229 934
107169099002 933
071199076127 927
188228164194 925
068246072056 912
045229162184 909
183149105183 903
203122249025 901
128018209157 897
159161169140 890
159045013122 887
120180106149 883
202009119021 874
207183048048 874
157026232144 873
104022116161 873
159045170254 870
203118108133 868
161029017031 866
128216107077 864
172105089181 862
089175117230 861
128018209201 857
050123148230 856
128018209130 856
178173146043 843
045240224084 836
031209219067 832
085072011051 830
104079124201 829
219186213049 827
045242148155 827
045057078188 816
045156000060 813
051164022203 794
042131227092 793
170034187041 790
167068058230 790
061223130226 782
104008127225 779
106008196238 778
134062086071 775
182090244124 774
194062230012 772
067182161203 768
209097071241 767
194154113186 765
185045227049 761
203194184186 745
202009065188 744
159045088027 743
188228239187 741
134062136238 739
202009119023 739
045057047208 739
203194183176 738
106050020032 726
170034187055 725
159190080135 707
142173028017 703
172105148002 701
104045080187 701
146055039122 701
185006042234 697
139053225172 694
059247159239 691
178127251250 690
172105145109 689
064028067189 688
066024081177 687
085076247253 686