045238063231 99802
045238063168 99552
089135101171 97820
045031009016 78699
045252050189 74682
023091111006 72709
045238063216 70207
121091093231 65529
045252050109 58400
193194027169 40214
206142144060 38014
079124061175 37525
192254039162 32499
045252050157 27283
161097176110 26322
092206056089 24645
092206056043 23825
089135101222 23510
103241177097 22770
110190019029 21442
089135101053 20320
092206057073 20120
089135101221 19530
089135101049 19427
183047030220 19258
045242148143 18650
045242148223 17768
079124061210 16555
193194026193 16420
037254234100 16384
192254050038 16247
165249154078 16066
078032113130 15691
193249023206 14977
185107180240 14449
089135101119 14225
089135101061 14004
185006041120 13840
075122147237 13572
185072009086 13246
125160089236 13200
045252050132 13123
092206056035 13046
089135101052 12865
089135101103 12600
089135101223 12407
188116053051 10723
192254041137 9032
183047030241 8945
193194026040 7728
051164031120 7562
051113079156 7556
051164028153 7547
054036141234 7539
051173064180 7521
174244101086 6994
054036004042 6994
139053032199 6895
045074194204 6747
075122147254 6729
122216142111 6477
185006040050 6476
089135101152 6073
122228012144 5964
106050170039 5873
183047030218 5727
104076051178 5709
046040042226 5636
193232251075 5584
080189182119 5431
177127031164 5392
091016173000 5356
193194027200 5333
045247181152 5173
045252050078 5021
089135101155 4942
133218212225 4863
107186252108 4556
036243054242 4477
192254040115 4450
203194180154 4078
079124061000 4005
161097075149 3799
106048184021 3733
046040043060 3721
079124061201 3673
200221025175 3587
157009046181 3509
181126227070 3501
104004039051 3325
139162247088 3277
089135101166 3183
103241177045 3157
119012254250 3043
194027187208 2888
103241177177 2845
142015002208 2805
219186213049 2803
080189185134 2790
066000222222 2772
080189185033 2713
203234174115 2706
174244103103 2619
188138226071 2551
074127213141 2532
124123113085 2530
185016231216 2525
074127213131 2515
071199039023 2507
058203162051 2505
074127213143 2479
074127213142 2446
074127213133 2445
074127213137 2441
181240163009 2437
045222127117 2432
103077174225 2431
074127213129 2424
074127213128 2417
074127213136 2415
074127213139 2410
074127213130 2409
074127213140 2407
074127213132 2394
074127213134 2391
167136166160 2391
203234174058 2374
074127213138 2372
074127213135 2362
071199084108 2352
167136166163 2348
167136166162 2339
167136166166 2337
082011128250 2305
167136166175 2305
074127213155 2298
074127213144 2295
045230225223 2294
167136166171 2292
167136166167 2290
074127213145 2287
094153177209 2285
167136166161 2284
167136166173 2283
074127213157 2283
190227102153 2278
167136166169 2271
167136166253 2271
093169191093 2270
167136166174 2267
074127213159 2260
167136166247 2258
167136166251 2254
167136166170 2252
167136166165 2243
167136166168 2239
167136166246 2237
074127213153 2231
047155035025 2230
074127213150 2230
074127213151 2229
167136166243 2222
074127213147 2213
167136166189 2211
167136166241 2209
074127213156 2207
167136166248 2206
167136166250 2205
167136166164 2205
167136166245 2203
167136166240 2197
167136166244 2193
167136166249 2190
167136166172 2184
167136166242 2183
167136166177 2182
167136166255 2180
074127213154 2179
071199022232 2178
074127213158 2173
194062230058 2173
167136166252 2172
074127213148 2169
074127213228 2169
167136166187 2169
167136166191 2166
167136166188 2165
167136166179 2163
074127213149 2161
167136166183 2158
167136166184 2155
074127213224 2153
167136166180 2152
074127213239 2146
074127213152 2144
074127213233 2144
167136166178 2140
074127213234 2138
167136166182 2131
074127213146 2129
167136166254 2126
167136166176 2125
074127213226 2120
167136166186 2109
074127213225 2108
203194185198 2106
074127213236 2102
074127213232 2100
167136166190 2098
074127213237 2090
082103103101 2085
074127213235 2085
074127213238 2083
051173182135 2079
074127213230 2079
167136166181 2071
074127213231 2065
074127213227 2059
167136166185 2057
074127213229 2051
203194188136 1969
071199022237 1939
116212188219 1919
037254239167 1909
071199022231 1888
071199022234 1887
054038017254 1823
071199022235 1817
158186005237 1811
203194185209 1799
193003246027 1798
061180147130 1789
094016081116 1783
203194188243 1782
064030237244 1781
075122151077 1780
185037069223 1773
212216203241 1764
185016231220 1759
185016228240 1747
178248018158 1727
128216227189 1701
104067129208 1700
045242148094 1680
046153096071 1671
185016231221 1652
095062068191 1631
031072109175 1621
051231124131 1604
005002056073 1587
185037069242 1572
088240116142 1537
077182104247 1536
037084110090 1534
202166059101 1524
061243180179 1492
143246077246 1489
052182161161 1469
133199122117 1443
106049051066 1438
045241221157 1436
134062155210 1426
066000239073 1397
185045227005 1392
135118194192 1372
185045227029 1361
061223130226 1359
094027103076 1353
219173106163 1338
060194163151 1336
159161232185 1333
170034187063 1317
128216164237 1306
185045227033 1305
104045080253 1289
104022102028 1285
092134174202 1285
185045227049 1283
089221246075 1281
104045080230 1277
192254049203 1276
147198189192 1265
092134174222 1251
092134174250 1248
092134175058 1241
104045080204 1234
092134175025 1233
104045080183 1223
170034187033 1219
185045227062 1217
203194180138 1211
103180053053 1209
092134175017 1206
092134175029 1205
092134175021 1200
170034187022 1198
170034187013 1197
104045080211 1193
066000195146 1193
092134175053 1189
092134175001 1186
104079124253 1183
170034187031 1181
185045227010 1178
185202021233 1176
051190174079 1175
104079124214 1174
104045080190 1174
170034187046 1173
185016231219 1168
092134174253 1164
147204083108 1162
104045080242 1155
071199102007 1154
092134175061 1154
185045227001 1149
104079124232 1148
104079124196 1147
104079124217 1143
185045227058 1143
104045080198 1143
104045080224 1138
092134175013 1134
104045080214 1131
104079124248 1128
092134174205 1127
092134175010 1119
104045080238 1119
104045080187 1118
167212098186 1118
185045227042 1117
045241221156 1115
104045080200 1112
170034187048 1109
104079124225 1090
014119034000 1081
138197194133 1080
092134175005 1078
185045227018 1077
046153047074 1077
051190168109 1076
128216189235 1073
104023203229 1070
157026241132 1065
208071148036 1065
104079124201 1065
185045227037 1064
183148220117 1059
064028108185 1057
157026026104 1054
170034187041 1054
116219239231 1053
104079124242 1047
181191015215 1044
031093148067 1043
139162226062 1030
206142075004 1029
209205228038 1024
106049165030 1024
061219042055 1023
159161039115 1019
104045080247 1018
087127235111 1018
060005004223 1016
112127130142 1016
113096147211 1015
110242108211 1015
061194018129 1015
103128184191 1015
027043156197 1015
104079124231 1007
142173237154 1005
068246072056 1001
159045013122 1001
060131134209 1000
163189161018 996
170034187008 990
104079124211 984
094016087141 983
133218145055 973
069013074224 971
162252017169 967
118201156115 962
159190080135 956
122166011198 955
185045227021 954
162252229030 954
046153157046 953
170034187038 949
165099120254 945
139177046124 944
170034187004 944
207247023201 938
198070217032 930
104045080217 926
185045227053 915
104079124237 914
128216107077 906
104022116161 892
089175117230 891
080185041189 891
128018209226 891
154016195124 889
066000208022 888
192254052035 888
139162036242 874
193135136018 872
045085194024 871
128018209149 869
045057179228 867
176060111139 866
067182161203 864
174244048080 863
104045080192 856
045033199097 852
165249130163 838
195111201060 833
167068026249 831
202009119021 824
082175085247 820
129087035185 818
203118108133 814
162254162143 812
071199076127 811
071199077069 808
045242148155 806
092134175034 805
115103231016 804
188228164194 803
128018209132 803
135180009009 795
167099045031 792
196179218229 788
107169099002 784
045057078188 782
203122249025 782
142173242201 771
206142119128 769
210253254233 768
080161248217 768
194154113186 765
207183048048 761
045240224084 757
045057047208 757
047126125157 753
119230118037 749
203194190067 745
157026247121 744
104008093189 743
094016250210 738
109127059090 735
104079124223 731
157009066132 726
045229162184 721
202009065188 719
120180106149 719
071199077070 718
031209219067 714
045156000060 710
202009119023 710
128018209133 709
172105089181 707
194028200011 707
078036176155 703
203194183176 703
120180125185 701
159045088027 699
091129180195 695
203194184186 692
188228239187 689
167068058230 688
172104242093 684
182124184214 680
051164022203 680
146055039122 675
104023033043 675
182090244124 669
071199100024 668
142173238140 666
092134175042 666
046153143235 659
185099224008 656
185045227014 649
185006043109 648
182242083145 646
185089208010 645
186115040054 644
159161041036 640
161029017031 638
005219222202 636
134062086071 635
193135138101 632
183149105183 631
104008127225 628
188228032007 627
209030110174 624
058072062005 620
107172148181 617
042131227092 616
202004030145 610