HLL value distribution
853 1
890 1
892 1
901 1
904 1
905 1
910 1
911 1
913 1
918 1
931 1
933 1
939 1
948 1
949 1
960 4
968 1
977 1
979 1
981 1
982 2
984 1
986 1
993 1
994 3
996 1
998 2
999 2
1000 1
1002 2
1005 1
1006 1
1010 2
1011 5
1012 1
1014 2
1015 1
1017 1
1018 3
1019 2
1021 2
1022 1
1024 1
1025 2
1027 1
1028 1
1029 4
1030 2
1031 1
1034 1
1036 1
1038 1
1040 1
1041 2
1042 1
1043 3
1045 1
1047 3
1049 4
1050 1
1051 1
1052 1
1053 4
1056 1
1058 1
1060 1
1061 5
1062 5
1063 1
1064 2
1065 5
1066 1
1069 3
1070 4
1071 2
1073 3
1075 1
1076 2
1078 3
1079 2
1080 2
1081 2
1082 2
1083 3
1084 4
1085 2
1086 1
1087 3
1090 1
1091 5
1092 2
1093 1
1094 4
1095 5
1097 1
1098 3
1099 2
1100 3
1101 2
1102 5
1103 3
1104 2
1106 3
1107 5
1108 1
1109 3
1110 2
1111 3
1112 3
1113 7
1114 3
1115 3
1116 3
1117 4
1118 2
1119 4
1120 6
1121 5
1123 7
1124 2
1125 6
1126 9
1127 5
1128 6
1129 4
1130 7
1131 3
1132 7
1133 2
1134 5
1135 3
1136 10
1137 2
1138 4
1139 5
1140 4
1141 6
1143 6
1145 7
1146 5
1147 6
1148 3
1149 1
1150 3
1151 6
1152 3
1153 3
1154 10
1155 1
1156 6
1157 3
1158 7
1159 4
1160 3
1161 3
1162 7
1163 6
1164 9
1165 3
1166 6
1167 4
1168 6
1169 6
1170 5
1171 7
1172 6
1173 5
1174 9
1175 2
1176 6
1177 7
1178 7
1179 3
1180 6
1181 9
1182 10
1183 5
1184 9
1185 7
1186 9
1187 7
1188 10
1189 5
1190 4
1191 3
1192 7
1193 7
1194 7
1195 5
1196 7
1197 4
1198 11
1199 6
1200 10
1201 3
1202 5
1203 8
1204 10
1205 5
1206 12
1207 7
1208 11
1209 15
1210 7
1211 5
1212 9
1213 8
1214 7
1215 12
1216 10
1217 3
1218 13
1219 2
1220 15
1221 3
1222 7
1223 7
1224 11
1225 8
1226 7
1227 11
1228 7
1229 10
1230 6
1231 7
1232 5
1233 21
1234 7
1235 11
1236 5
1237 4
1238 6
1239 5
1240 5
1241 5
1242 15
1243 7
1244 9
1245 6
1246 7
1247 12
1248 6
1249 4
1250 10
1251 19
1252 9
1253 11
1254 8
1255 14
1256 9
1257 14
1258 4
1259 10
1260 15
1261 12
1262 18
1263 16
1264 16
1265 11
1266 14
1267 9
1268 11
1269 11
1270 17
1271 12
1272 13
1273 17
1274 6
1275 9
1276 17
1277 6
1278 11
1279 14
1280 16
1281 13
1282 15
1283 12
1284 10
1285 18
1286 9
1287 18
1288 8
1289 6
1290 19
1291 19
1292 18
1293 11
1294 23
1295 9
1296 19
1297 19
1298 11
1299 13
1300 13
1301 12
1302 21
1303 17
1304 12
1305 14
1306 19
1307 4
1308 18
1309 25
1310 15
1311 16
1312 13
1313 7
1314 8
1315 22
1316 16
1317 15
1318 19
1319 22
1320 18
1321 14
1322 15
1323 23
1324 7
1325 13
1326 17
1327 15
1328 24
1329 9
1330 18
1331 26
1332 13
1333 11
1334 16
1335 15
1336 19
1337 10
1338 17
1339 16
1340 14
1341 26
1342 13
1343 4
1344 26
1345 19
1346 27
1347 6
1348 9
1349 30
1350 24
1351 30
1352 4
1353 16
1354 24
1355 15
1356 10
1357 26
1358 18
1359 26
1360 5
1361 20
1362 17
1363 9
1364 26
1365 6
1366 18
1367 28
1368 13
1369 14
1370 29
1371 19
1372 30
1373 6
1374 12
1375 20
1376 17
1377 10
1378 23
1379 19
1380 13
1381 27
1382 15
1383 27
1384 6
1385 15
1386 31
1387 23
1388 13
1389 21
1390 21
1391 24
1392 14
1393 14
1394 29
1395 9
1396 23
1397 23
1398 15
1399 17
1400 29
1401 19
1402 31
1403 3
1404 18
1405 33
1406 13
1407 24
1408 32
1409 24
1410 13
1411 22
1412 24
1413 12
1414 31
1415 21
1416 16
1417 16
1418 16
1419 39
1420 5
1421 17
1422 35
1423 5
1424 29
1425 19
1426 13
1427 29
1428 25
1429 22
1430 11
1431 24
1432 30
1433 22
1434 27
1435 16
1436 17
1437 31
1438 15
1439 14
1440 21
1441 17
1442 12
1443 33
1444 23
1445 23
1446 24
1447 19
1448 15
1449 25
1450 11
1451 21
1452 33
1453 20
1454 14
1455 39
1456 18
1457 24
1458 27
1459 18
1460 22
1461 29
1462 23
1463 23
1464 23
1465 22
1466 13
1467 37
1468 25
1469 16
1470 40
1471 27
1472 16
1473 33
1474 33
1475 19
1476 35
1477 20
1478 15
1479 25
1480 30
1481 8
1482 31
1483 19
1484 22
1485 18
1486 6
1487 18
1488 43
1489 10
1490 25
1491 53
1492 8
1493 24
1494 26
1495 42
1496 23
1497 22
1498 24
1499 32
1500 14
1501 31
1502 14
1503 24
1504 36
1505 12
1506 27
1507 46
1508 13
1509 21
1510 16
1511 22
1512 16
1513 26
1514 28
1515 25
1516 11
1517 34
1518 19
1519 19
1520 32
1521 12
1522 21
1523 16
1524 31
1525 29
1526 24
1527 38
1528 14
1529 40
1530 38
1531 8
1532 25
1533 17
1534 29
1535 32
1536 11
1537 37
1538 9
1539 28
1540 29
1541 12
1542 25
1543 16
1544 23
1545 24
1546 13
1547 30
1548 12
1549 24
1550 49
1551 9
1552 27
1553 23
1554 33
1555 20
1556 32
1557 26
1558 13
1559 21
1560 18
1561 38
1562 35
1563 19
1564 38
1565 11
1566 30
1567 16
1568 32
1569 23
1570 10
1571 40
1572 17
1573 36
1574 28
1575 20
1576 34
1577 15
1578 42
1579 8
1580 25
1581 32
1582 26
1583 17
1584 27
1585 49
1586 8
1587 34
1588 24
1589 36
1590 20
1591 20
1592 51
1593 15
1594 27
1595 18
1596 39
1597 13
1598 35
1599 16
1600 30
1601 14
1602 40
1603 45
1604 5
1605 24
1606 21
1607 39
1608 15
1609 25
1610 25
1611 32
1612 18
1613 43
1614 31
1615 9
1616 23
1617 18
1618 28
1619 12
1620 32
1621 22
1622 39
1623 17
1624 25
1625 26
1626 26
1627 31
1628 15
1629 39
1630 14
1631 43
1632 17
1633 43
1634 16
1635 20
1636 23
1637 32
1638 25
1639 27
1640 13
1641 27
1642 14
1643 15
1644 63
1645 10
1646 30
1647 25
1648 35
1649 14
1650 29
1651 21
1652 24
1653 15
1654 36
1655 19
1656 46
1657 9
1658 38
1659 24
1660 36
1661 23
1662 23
1663 25
1664 32
1665 12
1666 31
1667 19
1668 28
1669 15
1670 23
1671 15
1672 36
1673 21
1674 19
1675 20
1676 25
1677 12
1678 30
1679 30
1680 36
1681 25
1682 16
1683 27
1684 31
1685 16
1686 31
1687 24
1688 31
1689 15
1690 24
1691 21
1692 28
1693 14
1694 18
1695 16
1696 38
1697 12
1698 30
1699 23
1700 38
1701 12
1702 21
1703 17
1704 42
1705 17
1706 22
1707 18
1708 50
1709 21
1710 38
1711 21
1712 32
1713 10
1714 28
1715 10
1716 9
1717 40
1718 12
1719 19
1720 25
1721 28
1722 17
1723 21
1724 19
1725 26
1726 24
1727 29
1728 19
1729 21
1730 15
1731 29
1732 15
1733 32
1734 12
1735 13
1736 22
1737 24
1738 33
1739 16
1740 19
1741 14
1742 39
1743 16
1744 26
1745 15
1746 40
1747 13
1748 23
1749 3
1750 23
1751 26
1752 13
1753 14
1754 16
1755 30
1756 9
1757 35
1758 15
1759 31
1760 10
1761 14
1762 25
1763 17
1764 26
1765 13
1766 32
1767 17
1768 41
1769 6
1770 26
1771 14
1772 14
1773 20
1774 15
1775 26
1776 11
1777 29
1778 12
1779 30
1780 20
1781 15
1782 32
1783 13
1784 24
1785 22
1786 33
1787 14
1788 25
1789 24
1790 5
1791 19
1792 16
1793 34
1794 18
1795 38
1796 13
1797 27
1798 4
1799 25
1800 26
1801 14
1802 17
1803 11
1804 48
1805 13
1806 9
1807 30
1808 14
1809 21
1810 21
1811 26
1812 21
1813 9
1814 33
1815 11
1816 21
1817 17
1818 37
1819 6
1820 14
1821 21
1822 15
1823 32
1824 11
1825 24
1826 6
1827 14
1828 27
1829 17
1830 18
1831 17
1832 26
1833 5
1834 11
1835 31
1836 13
1837 34
1838 12
1839 5
1840 27
1841 20
1842 36
1843 10
1844 36
1845 4
1846 23
1847 26
1848 8
1849 21
1850 14
1851 11
1852 28
1853 11
1854 35
1855 21
1856 11
1857 20
1858 24
1859 18
1860 16
1861 25
1862 4
1863 19
1864 19
1865 23
1866 29
1867 1
1868 9
1869 17
1870 21
1871 24
1872 2
1873 15
1874 26
1875 8
1876 39
1877 4
1878 11
1879 26
1880 11
1881 31
1882 2
1883 10
1884 26
1885 7
1886 33
1888 7
1889 24
1890 12
1891 21
1892 5
1893 22
1894 23
1895 9
1896 21
1897 17
1898 14
1899 21
1900 18
1901 15
1902 26
1903 7
1904 35
1905 14
1906 9
1907 15
1908 4
1909 23
1910 3
1911 11
1912 22
1913 15
1914 14
1915 15
1916 15
1917 20
1918 7
1919 9
1920 17
1921 10
1922 31
1923 1
1924 12
1925 20
1926 16
1927 14
1928 18
1929 13
1930 23
1931 10
1932 11
1933 21
1934 8
1935 6
1936 29
1937 12
1938 31
1939 4
1940 8
1941 10
1942 15
1943 3
1944 17
1945 12
1946 21
1947 5
1948 26
1949 31
1950 4
1951 6
1952 18
1953 11
1954 35
1955 2
1956 16
1957 18
1958 21
1959 8
1960 28
1961 3
1962 25
1963 2
1964 12
1965 29
1966 1
1967 12
1968 17
1969 17
1970 7
1971 20
1972 4
1973 21
1974 4
1975 16
1976 21
1977 1
1978 11
1979 12
1980 17
1981 8
1982 20
1983 2
1984 8
1985 17
1986 15
1987 27
1988 2
1989 12
1990 19
1991 3
1992 18
1993 21
1994 7
1995 3
1996 14
1997 7
1998 11
1999 16
2000 4
2001 21
2002 3
2003 10
2004 28
2005 1
2006 16
2007 12
2008 8
2009 7
2010 19
2011 10
2012 1
2013 13
2014 10
2015 7
2016 20
2017 10
2018 4
2019 22
2020 12
2021 13
2022 15
2023 14
2024 27
2025 2
2026 13
2027 20
2028 3
2029 8
2030 19
2031 4
2032 8
2033 20
2034 4
2035 11
2036 23
2037 3
2038 16
2039 17
2040 3
2041 12
2042 16
2043 1
2044 13
2045 14
2046 3
2048 12
2049 16
2050 7
2051 23
2052 8
2053 8
2054 9
2055 5
2056 7
2057 14
2058 6
2059 1
2060 15
2061 9
2062 8
2063 22
2064 6
2065 5
2066 18
2067 12
2068 5
2069 16
2070 11
2071 6
2072 19
2073 2
2074 9
2075 19
2076 4
2077 8
2078 11
2079 1
2080 10
2081 20
2082 3
2083 11
2084 13
2085 3
2086 7
2087 26
2088 1
2089 7
2090 12
2091 2
2092 4
2093 11
2094 12
2095 7
2096 3
2097 11
2098 5
2099 8
2100 12
2101 12
2102 3
2103 19
2104 9
2105 2
2106 10
2107 2
2108 9
2109 11
2110 1
2111 9
2112 10
2113 1
2114 9
2115 8
2116 16
2117 4
2118 7
2119 14
2120 12
2121 7
2122 10
2123 13
2124 3
2125 15
2126 4
2127 9
2128 11
2129 1
2130 5
2131 16
2133 7
2134 6
2135 14
2136 11
2137 4
2138 16
2139 2
2140 10
2141 5
2142 4
2143 8
2144 19
2145 2
2146 5
2147 5
2148 7
2149 10
2150 2
2151 12
2152 2
2153 11
2154 9
2155 2
2156 7
2157 8
2158 14
2159 4
2160 6
2161 5
2162 3
2163 12
2164 18
2165 1
2166 4
2167 1
2168 13
2169 9
2170 3
2171 9
2172 2
2173 7
2174 8
2176 4
2177 6
2178 19
2179 8
2180 1
2181 8
2182 4
2183 4
2184 12
2185 2
2186 8
2187 6
2188 9
2189 8
2190 3
2191 10
2192 2
2193 7
2194 16
2196 6
2197 5
2198 10
2199 1
2200 8
2201 10
2202 1
2203 6
2204 4
2205 17
2206 2
2207 2
2208 10
2209 1
2210 6
2211 4
2212 10
2213 6
2215 7
2216 5
2217 1
2218 4
2219 11
2220 6
2221 1
2222 11
2223 1
2224 6
2225 3
2226 14
2227 6
2228 1
2229 5
2230 2
2231 7
2232 9
2233 5
2234 6
2235 2
2236 11
2237 1
2238 3
2239 5
2240 11
2241 3
2242 4
2243 9
2244 3
2245 2
2246 2
2247 4
2248 4
2249 6
2250 2
2251 7
2252 8
2253 1
2254 7
2255 2
2256 6
2257 4
2258 6
2259 1
2260 9
2261 6
2262 1
2263 6
2264 4
2265 9
2266 2
2267 5
2268 6
2269 7
2270 9
2271 2
2272 8
2273 1
2274 9
2275 4
2276 11
2278 2
2279 3
2280 6
2281 8
2282 3
2283 15
2284 1
2285 4
2286 1
2287 3
2289 5
2290 2
2291 5
2292 5
2293 8
2294 7
2295 1
2296 4
2297 2
2298 4
2299 1
2300 6
2301 4
2302 3
2303 2
2304 7
2305 5
2306 3
2307 1
2308 1
2309 10
2311 6
2313 6
2314 2
2315 4
2317 10
2318 1
2319 1
2320 2
2321 8
2322 2
2323 2
2324 1
2325 4
2326 5
2327 1
2328 4
2329 6
2330 3
2331 1
2332 7
2333 1
2335 2
2336 7
2337 2
2338 7
2339 3
2340 3
2342 2
2343 1
2344 3
2346 4
2348 11
2349 3
2350 4
2351 3
2352 4
2353 1
2354 2
2355 4
2356 2
2357 2
2358 6
2359 1
2360 4
2361 4
2362 7
2363 4
2364 7
2366 3
2367 3
2368 3
2370 1
2371 3
2372 7
2373 2
2374 3
2376 1
2377 4
2378 2
2379 3
2380 5
2381 1
2382 4
2383 8
2384 3
2385 1
2386 5
2387 4
2388 2
2389 1
2390 2
2391 3
2392 6
2393 2
2394 4
2395 3
2396 4
2397 1
2398 4
2399 1
2400 1
2403 3
2404 6
2406 2
2407 1
2408 5
2409 1
2410 2
2411 2
2412 3
2413 1
2414 7
2416 1
2418 3
2419 1
2420 4
2421 1
2422 4
2424 4
2425 6
2426 1
2427 2
2428 1
2429 5
2430 2
2431 3
2432 3
2433 4
2436 3
2437 6
2438 1
2439 3
2440 3
2441 6
2444 2
2445 3
2446 6
2447 1
2448 3
2449 4
2450 3
2451 2
2452 3
2453 1
2454 1
2455 1
2456 1
2457 1
2458 5
2459 1
2460 2
2462 2
2463 3
2464 2
2465 1
2466 3
2467 6
2469 1
2471 5
2472 1
2473 4
2475 1
2476 3
2480 6
2481 1
2482 3
2483 2
2484 7
2487 2
2488 2
2489 1
2490 2
2491 1
2493 4
2495 2
2496 1
2497 1
2498 3
2500 2
2501 1
2502 3
2504 1
2505 2
2506 2
2508 1
2509 1
2510 1
2511 3
2513 3
2515 5
2517 2
2518 3
2520 3
2522 7
2523 1
2524 1
2527 5
2528 1
2529 4
2530 2
2531 3
2532 2
2536 1
2537 1
2538 3
2540 2
2541 2
2542 1
2543 2
2544 1
2545 2
2547 5
2549 1
2551 1
2552 1
2554 2
2555 1
2556 1
2558 2
2560 1
2561 3
2562 1
2563 1
2564 2
2566 3
2567 2
2568 1
2569 2
2570 2
2571 1
2573 1
2574 1
2575 2
2576 1
2577 4
2579 1
2580 4
2581 1
2582 1
2583 1
2587 3
2589 3
2590 1
2591 1
2593 2
2594 1
2596 2
2598 1
2600 1
2601 4
2603 3
2604 3
2605 1
2606 2
2607 1
2608 2
2610 2
2612 3
2613 2
2615 1
2618 2
2619 1
2620 2
2622 1
2623 3
2627 2
2628 1
2629 1
2630 2
2632 1
2635 4
2637 2
2640 2
2642 1
2643 1
2645 1
2647 3
2652 4
2657 1
2660 2
2661 1
2662 1
2666 2
2669 1
2670 2
2672 1
2673 2
2675 2
2676 1
2678 1
2679 1
2683 4
2684 1
2685 1
2687 1
2688 1
2689 2
2690 2
2691 1
2692 1
2696 1
2697 2
2698 1
2700 1
2702 2
2703 2
2706 1
2708 2
2711 1
2712 2
2713 1
2716 1
2718 1
2719 1
2724 3
2725 1
2727 2
2728 1
2729 2
2732 1
2733 1
2734 1
2735 2
2739 1
2740 1
2743 1
2744 1
2745 2
2750 1
2753 1
2754 1
2755 1
2756 1
2759 1
2761 1
2766 1
2767 1
2768 1
2770 1
2772 1
2775 1
2776 1
2778 1
2783 1
2786 1
2788 1
2789 2
2792 3
2796 1
2803 2
2808 1
2816 1
2819 1
2821 1
2822 1
2825 2
2828 3
2829 1
2830 1
2833 1
2836 3
2839 1
2841 1
2848 1
2851 2
2855 1
2857 1
2858 1
2859 1
2865 1
2867 2
2868 1
2885 1
2905 1
2906 1
2908 1
2912 1
2916 1
2924 1
2925 2
2931 1
2933 1
2934 1
2938 1
2941 1
2943 1
2944 1
2955 1
2961 1
2966 1
2972 1
2974 1
3002 1
3009 2
3019 1
3022 1
3048 2
3054 1
3059 2
3064 2
3066 1
3069 2
3083 1
3105 1
3108 2
3116 1
3124 1
3135 1
3139 1
3153 2
3168 1
3175 1
3185 1
3189 1
3193 1
3196 1
3214 2
3216 1
3232 1
3255 1
3288 1
3320 1
3340 1
3632 1
3664 1
3811 1
Bitmap value distribution
6 37
9 546096
