625  1
933  1
689  1
1805  1
901  1
395  1
857  1
745  1
8203  1
690  1
512  1
843  1
112  1
578  1
32719  1
599  1
59742  1
3138  1
189  1
16138  1
778  1
289  1
216  1
1614  1
991  1
17663  1
2582  1
364  2
767  1
5530  1
4246  1
2481  1
263  1
541  1
598  1
21010  1
686  1
667  1
8183  1
13066  1
765  1
659  1
414  1
392  1
219  1
585  1
331  1
691  1
577  1
550  1
552  1
870  1
957  1
999  1
389  1
960  1
264  2
986  1
2463  1
245  1
662  2
3132  1
276  1
279  1
744  1
1014  1
304  1
66270  1
11929  1
982  2
349  1
570  1
344  2
277  2
7013  1
359  1
2454  1
1016  1
2686  1
372  2
1481  1
419  2
934  1
469  1
1988  1
365  1
980  1
726  1
575  1
966  1
301  1
1540  1
102  1
16384  1
343  1
450  1
403  2
856  2
925  1
912  1
3130  1
381  1
265  1
532  1
2661  1
674  1
671  1
292  1
271  1
361  1
3327  1
523  1
594  1
23006  1
140  2
187  1
107  2
2671  1
471  2
500  1
816  1
528  1
1026  1
286  1
1300  1
191  1
314  1
741  1
456  1
1397  1
9582  1
836  1
351  1
1851  1
319  1
2537  1
174  1
402  1
353  1
903  1
267  1
582  1
556  1
181  4
573  2
1998  1
355  2
543  2
4773  1
2555  1
2691  1
4020  1
887  1
22882  1
466  2
6447  1
779  1
790  2
447  1
672  2
1029  1
428  1
1487  1
378  4
328  1
154  3
665  1
17352  1
1878  1
339  1
2557  1
13647  1
23731  1
442  1
2625  1
334  1
220  2
186  1
2404  1
180  4
968  1
327  2
1338  1
229  2
584  1
156  3
971  1
1281  1
172  2
1787  1
685  1
94  5
3210  1
291  1
5836  1
2509  1
1905  1
544  1
1629  1
520  1
6466  1
516  2
491  1
4360  1
7730  1
927  1
6318  1
2572  1
7492  1
874  2
1521  1
2630  1
213  3
883  1
5776  1
1931  1
3098  1
2615  1
397  2
1808  1
13567  1
259  1
486  1
1950  1
25095  1
697  1
775  1
2492  1
274  2
182  2
1003  1
268  1
2486  1
909  1
238  1
204  3
177  3
490  2
6035  1
1032  1
948  1
688  1
2365  1
147  2
2299  1
3408  1
81  8
703  1
2380  1
162  4
89  9
82  8
623  1
3289  1
1176  1
67  22
324  3
2488  1
406  1
16701  1
66  14
657  2
116  4
98  4
2341  1
123  4
664  1
2294  1
76  9
617  1
435  1
1671  1
183  6
602  2
108  5
255  4
475  1
1543  1
434  4
687  1
2364  1
146  5
77  6
14765  1
348  1
11438  1
424  1
2642  1
2182  1
18  441
126  4
80  11
621  1
39758  1
943  1
1284  1
2393  1
175  4
586  2
707  1
166  6
383  1
1492  1
45  47
2263  1
1208  1
99  8
72  11
1181  2
368  2
666  2
2343  1
125  3
91  9
632  1
862  1
321  1
670  1
1238  1
129  5
694  1
2371  1
153  3
68  16
866  1
106085  1
956  1
1497  2
415  2
84  9
30  144
571  1
1112  1
3  6614
676  2
135  2
1333  2
224  5
170  2
2388  2
90  12
631  1
680  2
139  6
642  1
2319  1
101  9
280  1
4067  1
2707  1
44849  1
75  9
14465  1
48  50
1157  1
1103  1
7784  1
21  285
49  54
21120  1
2310  1
92  6
142  5
61  22
1170  1
2176  1
12  632
1662  1
553  1
2778  1
587  1
1696  1
2129  1
2670  1
145  5
2277  1
1168  1
59  21
16289  1
774  1
7428  1
1159  1
50  31
2214  1
23784  1
282  2
1391  1
47793  1
106  5
1241  1
132  4
27  168
21667  1
16  458
557  2
13  590
1156  1
2265  1
47  39
588  1
161  7
2636  1
418  1
959  2
1593  1
1412  1
2521  1
303  5
1155  1
41079  1
46  42
1147  1
38  79
579  1
165  4
23  217
2418  1
6854  1
200  7
1247  1
138  7
111  4
2329  1
1220  1
679  1
1149  1
40  77
1128  1
19  366
1144  1
35  92
654  4
113  3
86  3
1195  1
531  1
1126  1
17  414
1099  1
658  1
6771  1
117  6
144  5
510  2
253  3
794  1
1015  16
2097  1
474  1
60  20
317  2
63  26
33292  1
22  280
1104  2
1143  1
34  100
4  3747
535  2
258  4
1110  1
1  63153
1083  1
121  17
635  1
1744  1
1678  1
1164  1
55  41
1171  1
62  17
260  3
2250  1
32  120
159  4
275  1
254  9
1236  1
2345  1
127  3
668  2
73  21
2291  1
136  2
9  867
1091  1
2  14180
2238  1
20  339
11  701
3000  1
782  1
1117  1
8  1040
549  1
1036  1
1114  1
2223  1
5  2433
6  1780
2228  2
10  822
827  2
69  26
212  7
283  1
26  191
19990  1
1137  2
28  184
155  7
7  1400
1183  2
74  19
615  1
1192  1
83  10
1133  1
24  233
565  1
408  9
151  8
85  6
1194  1
36  83
2381  1
163  3
199  6
15  509
1124  2
42  59
96  9
637  2
25  203
2276  1
58  23
31  136
1140  1
33  114
350  2
1432  1
242  3
215  7
1324  2
864  1
93  6
634  1
2444  2
1335  1
226  2
436  1
1745  1
8207  1
444  1
701  3
221  2
49017  1
376  1
1318  2
209  2
2427  1
628  2
1196  1
87  7
2332  1
114  3
52  30
64  27
37  75
1146  1
942  1
70  14
168  8
425  1
25818  1
311  2
54  29
1209  1
100  6
641  1
239  2
237  2
813  1
299  1
61899  1
1334  1
225  2
2683  1
465  2
57  35
202  7
71  17
44  41
1153  1
192  6
56  36
1150  1
41  62
1571  1
1030  1
29  139
43  50
3370  1
2342  1
124  2
2283  1
65  15
160  5
2378  1
214  6
322  1
78  9
768  1
95  5
14  550
3341  1
352  3
2257  1
39  63
1206  3
97  4
294  1
2512  1
208  2
743  1
1852  1
235  2
120  7
32768  1
17242  1
607  2
2825  1
241  3
1350  1
1297  1
2406  1
188  6
256  12
2474  1
310  2
644  2
1212  1
2321  1
103  2
2035  1
278  3
1056  1
941  1
1257  1
2366  2
148  3
104  4
1626  1
517  1
653  2
17288  1
1218  1
2327  1
109  8
1285  1
176  3
829  1
2382  1
164  6
2355  1
137  6
1246  1
201  4
18167  1
330  2
8145  1
382  3
1356  1
377  3
1554  1
2663  1
2122  1
660  1
25058  2
203  3
1214  2
65536  2
2323  2
105  5
171  6
51  39
15577  1
198  5
739  3
761  1
53  24
4489  1
2271  1
118  3
1063  1
16589  1
2523  1
1224  1
2333  1
115  7
243  2
478  1
2696  1
2415  1
197  5
576  1
7230  1
738  1
105955  1
207  2
1316  2
234  1
217  3
190  7
1299  1
290  3
193  9
223  2
88  10
5633  1
2611  1
3720  1
393  2
374  2
2475  1
257  2
230  1
1231  1
122  4
4558  1
669  1
273  2
285  1
302  1
341  2
307  3
1416  1
178  2
1818  1
356  1
1465  2
897  1
2006  1
2359  1
141  4
1427  1
318  2
240  1
232  1
2450  2
5777  1
266  2
244  1
2402  1
184  7
333  2
1956  1
62756  1
194  2
2553  1
772  1
31262  1
5755  1
210  4
2428  1
2087  1
373  2
134  3
2901  1
196  6
13856  1
8311  1
2375  1
157  4
362  1
1188  1
79  14
2297  1
133  4
1590  1
481  1
496  1
725  1
2943  1
211  2
1320  1
2677  2
233  2
169  1
284  2
74139  1
945  1
649  1
3976  1
218  1
195  9
2413  1
249  2
1007  1
2116  1
14315  1
390  1
1603  1
26001  1
494  1
832  1
128  2
2346  2
130  2
250  2
158  4
861  1
320  2
2385  1
167  3
152  1
5697  1
2370  1
206  2
179  7
1288  1
1982  1
873  2
4869  1
433  1
379  1
325  2
2543  1
940  2
5376  1
1219  1
2328  1
110  5
2558  1
340  2
185  3
1018  1
205  4
455  1
401  2
2619  1
28173  1
2666  1
1518  1
409  2
399  1
1259  2
150  3
2368  1
1337  1
228  2
2446  1
143  8
5266  1
830  1
1075  1
19233  1
380  4
222  3
1258  2
149  2
998  1
272  2
1381  1
2490  1
293  1
944  2
538  1
77411  1
890  1
2635  1
539  1
2664  2
868  1
17503  1
2391  1
173  4
2349  1
131  4
342  1
2918  1
1809  1
316  1
2534  1
2505  1
287  4
1336  1
227  6
2445  1
1068  2
300  1
2518  1
2605  1
387  4
1496  2
1902  1
793  1
937  2
1535  1
426  1
2337  1
119  3
