089135101171 107546
192254032037 67750
023091111006 67082
081068054104 65333
121091093231 61712
139053119011 60286
192254050149 50557
192254039115 48057
192254039162 40014
045238063168 34284
080189185222 33915
193232251075 32682
047152052073 29559
039107157211 27727
198070246086 21677
192254050038 20479
142173238140 16405
072239229147 12792
089135101223 12647
192254041137 12446
125160089236 10191
045242148143 10179
045031009016 9260
174244101086 9256
092206056043 8129
161097176110 8010
206142144060 7982
045238063216 7810
045252050109 7189
183047030220 6848
062223096074 6615
142215146150 6307
192254040115 6228
103241177097 5527
193194027169 5463
089135101052 5121
185107180240 4350
089135101222 4226
089135101049 3938
051173064180 3807
110190019029 3708
157009046181 3564
089135101221 3477
089135101061 3427
074127213144 3390
089135101103 3343
200221025175 3249
185072009086 2786
158186026009 2786
089135101152 2730
045252050157 2712
193194026193 2551
092206057073 2449
106050170039 2447
077121107173 2444
190227102153 2216
219186213049 2088
079124061175 2078
045252050189 1995
018064097211 1965
183047030241 1888
188116053051 1875
212216203241 1789
177127031164 1781
082011128250 1749
051164028153 1719
133218212225 1707
046040042226 1697
158186005237 1685
185016231216 1646
193135136023 1603
193249023206 1529
058072062005 1526
116212188219 1509
092206056089 1484
054038017254 1472
193194026040 1462
047155035025 1422
193003246027 1380
143246077246 1371
075122147237 1346
185045227025 1274
183047030218 1267
135118194192 1237
107186254208 1206
123204059048 1194
185016231219 1181
119171211147 1175
095100161161 1167
121239144104 1132
163206168085 1123
106048184021 1113
074127213133 1106
039107031052 1106
185006040050 1104
103128184191 1097
165249154078 1089
104045080220 1088
104045080211 1068
061194018129 1067
128018209146 1066
074127213227 1060
192254049203 1057
027043156197 1055
054036141234 1049
185202021233 1042
001244083078 1037
113096147211 1034
128018209141 1023
113096147210 1018
110242108211 1018
074127213154 1013
167136166250 1013
074127213237 1011
161097075149 1011
101029018177 1008
079124061201 1007
112127130142 1003
170034187022 993
045241221156 992
074127213150 979
089135101155 971
089135101053 969
027039075234 968
046153157046 965
222084081137 961
218179116224 958
061128229107 952
014179071088 952
054036004042 947
219177255243 945
110012063116 938
163206243111 919
027043156196 918
113178046208 917
192225102029 903
071199084108 903
046040043060 901
107172148181 899
106049165030 897
210241035049 897
061219042055 879
209030110174 876
060005004223 874
128018209130 867
175018040134 855
045247181152 837
209205228038 831
159045170254 822
176060111139 817
193135136018 816
128030001216 811
128018209201 809
107133073208 809
091129180195 790
045085194024 788
167136166162 787
159161039115 785
059247159239 777
089135101166 768
221124126032 764
170034187008 763
128018209149 759
128018209132 750
128018209157 747
209030111193 747
047126125157 734
194028200011 725
045252050132 723
167136166188 709
178173146043 706
071199066215 704
143207135198 701
194027187208 700
071199100024 691
167136166190 685
050123148230 685
074127213156 678
134062136238 670
135180009009 666
206142119128 664
064030191172 657
045242148223 656
058203162051 654
107186252108 654
209097071241 653
094199074132 651
018103043186 651
085076247253 647
142015002208 641
161029020045 634
074127213139 633
103241177177 633
185045227005 626
061223130226 623
074127213148 618
167099045031 617
172105245025 613
060194163151 611
016226083177 605
209030110225 601
085072011051 600
104045080230 599
185045227053 598
172105145109 598
101029037174 596
074127213236 596
209030110213 595
172104187112 594
209030110240 592
089135101119 591
089135111236 584
005132158221 582
209030111096 580
094016250210 579
193145017084 577
074127213146 576
172105144253 575
078032113130 573
037084110090 572
167136166169 570
209030111015 567
188228032007 566
091016173000 565
074127213230 564
210253254233 564
172105148006 561
066024081177 560
177200150149 560
061243180179 560
165099120254 559
128030001220 557
074127213142 555
167136166161 553
049072214023 553
167136166180 553
079124061210 552
139162187091 549
092134175034 547
170034187055 542
134062165094 542
185105007218 541
104023203229 540
129087035185 540
104022102028 538
051190174079 538
159045073038 536
119012254250 534
185213120177 532
094016081116 532
208071148036 531
178127251250 530
045085139065 530
045085128096 529
128018209154 522
170034187004 522
167136166182 517
128018209226 516
069214003220 515
035072225171 510
080189185134 506
159161169140 505
167212042141 500
172105193082 500
185045227049 498
167136166241 492
018103090244 492
051113099161 491
074127213128 489
142173028017 487
172105148002 485
045023099186 482
106051129149 480
157026222113 480
003040053106 478
075122147254 477
139053100011 476
139053225172 475
213175007003 470
046153096071 470
103241177045 469
133218145055 465
054089165225 463
069217089014 461
104079124225 459
192254009039 455
172104002208 454
128018209133 453
104023033043 451
050123176072 448
167136166240 447
188228169062 445
069013074224 444
192187216129 443
061180147130 443
064028067189 443
104045080187 443
172105186187 440
172105209102 440
128216189235 439
167136166248 438
167068026249 438
018055244240 436
128216164237 436
165249045128 436
170034187038 436
172105160098 436
094016087141 435
037254239167 432
167136166165 432
104079124201 431
018048144247 430
074127213149 425
202193084113 423
172105207241 422
052186110175 422
054140227015 419
139162159038 419
193135138101 417
074127213224 416
167136166244 415
134062211117 415
096142025249 413
172105216000 412
181126227070 408
092134175049 407
180191139233 403
202166059101 403
193194027200 401
167136166181 400
170034187046 400
074127213152 398
185045227045 398
185045227014 398
074127213235 395
088240116142 395
064030237244 394
071199077070 394
051164031120 393
203194180154 393
074127213141 391
054095051126 390
074127213134 384
034053119195 384
167136166163 383
054229115212 381
082175085247 381
220198055030 378
176060110223 377
045115245121 375
155090007051 375
091037228134 375
069148070006 375
074127213226 373
038181029241 371
092037129004 371
104008093189 371
104045080242 370
193128062037 367
104079124223 365
183036098078 362
069219042145 362
080189182119 362
195111201060 361
051173182135 359
071199022232 355
167136166173 355
167136166167 354
167136166183 353
051169008212 353
198070211054 348
087127235111 347
167136166254 347
074127213229 347
167212129233 346
167136166184 344
120180125185 344
139053032199 343
113105111018 340
194062230012 340
092134175042 338
203194159011 338
046153047074 338
192099163176 337
034050025217 337
003198008028 335
167136166176 334
106085086232 334
002017104132 334
074127213140 332
054204072132 330
167136166170 328
203194185198 328
167136166171 327
003063116177 326
050123132152 326
045065090245 323
074127213135 322
018080010116 321
104076051178 320
074127213132 318
142173237154 317
142173026053 315
013129171016 314
045238063231 314
139129067172 312
185045227021 310
005002056073 310
167136166174 308
045222127117 308
147198189192 306
069180238068 305
104079124237 304
202193082036 303
198156077068 303
054039219124 303
001010068205 303
188234067074 303
037135118118 303
051231124131 303
172105238242 303
172104240158 303
118116158242 302
104079124242 302
170034187031 302
185006042234 301
162252229030 300
183104048211 299
202193084045 296
074127213143 294
167136166247 292
074127213158 291
185089208010 291
018022060174 291
094027103076 290
003198127072 288
074127213153 287
003040038059 286
035072190097 286
142173242201 286
209030111253 286
031072109175 286
054220176246 286
018098131138 286
046153207209 286
061227082132 286
163189161018 284
202193083073 282
172105033173 282
178217039206 281
167136166175 279
045074194204 279
074127213138 278
220199134143 278
018043252020 278
157026232144 277
170034187000 277
094153177209 275
192176131106 275
074076116148 274
157009066132 274
116219239231 274
167136166246 272
089131094176 271
001001032224 271
034020225001 271
221050065011 271
035072056132 271
078161134071 271
103109030101 270
167212098186 270
134062155210 267
202193082155 266
174254111038 266
220086108019 264
031029027194 264
034026047038 263
154016195124 262
074127213151 262
018016212055 262
106051207164 261
101120131221 260
163189059015 259
123048090094 259
189129128175 259
167136166179 259
059247229090 258
155167002024 258
018099058193 258
058067088197 258
078036176155 258
218185196023 258
124095024159 258
188228242093 258
104045080192 258
074127213136 258
170034187025 255
074127213131 254
104008127225 254
045233117109 253
185089208011 253
163189224029 251
183148220117 251
167136166166 250
203194188243 250
066000208022 249
074127213238 248
092134175053 248
170034187041 246
054185165247 245
104045080214 245
218148047045 245
051113079156 245
045239011253 245
162254162143 244
069148070005 244
069148070019 244
014030242109 243
104023160054 240
182242083145 240
074127213231 239
093169191093 238
161029017031 237
172104242093 236
104058161187 234
060204147127 234
049086030015 234
185141228003 234
139162201214 234
202154116173 234
061204223137 234
067182161203 234
185059182170 234
045227199218 234
051169057063 234
092134174222 234
074127213159 232
106051205157 232
174244048080 231
103245080157 231
092134175029 230
193046146171 230
163189079084 230
203194190036 229
065253176223 229
208071151075 228
203194181147 227
185045227018 226
092134175010 226
167136166243 226
174244103103 225
212030121106 224
103245175073 224
018089196203 223
182124184214 223
059137176232 222
142173138223 222
078032112238 220
052188208216 219
081070081042 219
183149105183 218
052203092037 217
054178118149 216
199135222223 215
003068060063 215
081167133008 215
104079124214 215
047145203237 212
167136166189 212
106008076134 212
202193084064 212
066000222222 212
163189242006 211
031093148067 210
162252017169 210
074127213232 209
104045080247 209
062204024195 208
133218139121 208
159190080135 208
045113039144 206
104079124211 206
176115211242 206
061224197151 205
074127213147 204
018122207215 203
106049051066 202
104022116161 200
163189198040 199
092134175005 199
185045227037 198
045057179228 198
031056042042 197
034059183133 197
052230156247 197
059239148124 197
202193084058 196
163189228215 194
138071232068 193
092134175058 193
003047089187 193
036243054242 192
069148070031 192
052075048252 192
167136166178 191
092134175001 191
185225022003 190
221207238193 189
162138123125 189
054132047132 188
167136166177 187
092134174253 186
218176047037 185
034031055135 185
167136166164 184
136054040040 183
203194179148 182
045086183242 182
185045227058 181
104079124217 181
052182161161 180
065255194044 180
064030237066 179
092134174205 178
054084173031 178
157026026104 177
203194190252 176
104004039051 176
049050173164 175
181191015215 175
172105196141 175
163189036225 174
074127213157 174
044160022059 173
071199039023 172
074127213228 172
163189014120 171
209205245105 171
005246001140 171
133218253194 170
054089172005 170
090094189237 170
194053183012 169
202193082106 168
034047081178 168
167136166252 166
018120044249 166
003062167001 165
045242148155 164
047148092132 163
079078139210 163
133218148082 163
211224110128 162
003047216204 162
054233092165 161
182090244124 160
045242148094 160
172105089181 160
185037069223 159
042131227092 159
060131134209 159
157026247121 159
185016231220 158
140137064194 158
139162036242 158
034055186193 157
213023114003 157
202004030212 156
052069021130 156
092134174202 155
163189197252 154
054068073227 154
075122151077 153
194062230058 152
216137150026 151
106050117037 151
198070217032 151
051164022203 150
092134174250 150
069148070010 150
133218182014 150
133218158161 150
185045227001 150
052068110048 149
091019245101 149
142173080068 148
202004030145 148
109127059090 148
114115044240 147
185016231221 146
054147199205 146
045240224084 146
014119034000 146
195200199184 146
203194186157 145
052226049016 144
104067129208 144
052071082132 144
104045080224 143
188228170209 142
101120175165 142
133199122117 141
059231107186 141
106050083118 141
082094036190 140
170034187048 140
177163114066 140
202155112125 140
202009119021 139
165249173232 139
106008196238 139
035111184205 136
064028108185 135
054208058026 135
165249149003 135
163189066010 135
008001152148 135
219173106163 135
157026021225 134
071199076127 134
071199022234 134
103149005158 134
172104089125 133
118043121232 132
050127056143 131
167136166187 131
193128138116 131
185006043109 131
106050149164 131
051113099167 130
052065067199 128
090099142187 128
188138226071 128
217215212158 128
223006098044 128
054237205161 127
106050089030 127
052070216180 127
128216107077 127
092134175017 126
071199102007 126
210107223058 126
122159041255 125
038181029216 125
071199077069 125
069148070016 125
107169099002 125
051190168109 125
172104070125 124
128216099221 124
074127213239 124
175155021088 123
045229162184 123
120249174008 123
045156000060 123
222225216201 123
047147142010 122
046153027197 122
163201109242 120
161029092136 119
163189090243 119
161029140080 119
066000195146 118
185006041120 118
185176176029 117
013231107213 117
118220024048 117
073059060226 117
133218139008 116
211159085003 115
139162113180 115
107191028231 115
003073197200 114
128216040084 114
205124196228 114
162138123038 114
003066022168 114
172104118043 113
003145144002 113
185118129002 113
054226100209 113
150146049189 113
142212142204 113
134139169034 112
203194189255 112
018017084184 111
203194183176 111
047123189004 110
164196033070 110
104079124231 109
203000241094 109
088030009005 108
094153177185 108
074127213234 108
167068216052 107
003144208007 107
167136166186 107
128216227189 107
118123238073 107
043030212103 107
207247023201 106
129124114013 105
133232026244 105
042198155238 105
121238150233 105
220199141205 105
047154172240 104
122228012144 104
035013030105 104
185089208015 104
106085146050 103
112013244097 102
203234174115 102
054178045174 101
119234010160 101
054205110077 101
122166011198 101
172105016072 101
015180246108 101
211039110062 101
139162066036 101
202009093065 100
104079124232 100