089135101171 98689
192254032037 66261
139053119011 62375
081068054104 61392
023091111006 55560
192254050149 53101
121091093231 51128
192254039115 37669
047152052073 31893
193232251075 30163
080189185222 28339
198070246086 26286
192254039162 26187
039107157211 24822
045238063168 17849
142173238140 16483
192254050038 16145
045031009016 15293
072239229147 12048
045252050109 11595
089135101223 10998
192254041137 10713
174244101086 10243
125160089236 9423
089135101049 9303
183047030220 8081
092206056043 7387
193194027169 7072
045242148143 6918
110190019029 6381
089135101222 6210
045252050157 6074
062223096074 5986
142215146150 5855
192254040115 5042
185107180240 4980
079124061210 4585
206142144060 4481
045238063231 3867
165249154078 3789
092206057073 3638
200221025175 3541
045252050189 3514
089135101152 3448
193194026193 3284
075122147237 3282
089135101052 3259
092206056089 3258
157009046181 3172
089135101061 3014
158186026009 2874
047155035025 2469
161097176110 2445
077121107173 2313
183047030241 2230
089135101053 2227
219186213049 2175
051164031120 2097
190227102153 2060
054036004042 1990
051173064180 1988
089135101103 1938
079124061175 1934
018064097211 1898
045074194204 1847
177127031164 1791
051164028153 1780
212216203241 1710
082011128250 1697
089135101155 1645
193135136023 1607
089135101119 1597
158186005237 1556
185045227025 1542
185006040050 1534
116212188219 1512
074127213133 1492
183047030218 1481
089135101221 1448
193194026040 1408
218179116224 1388
193003246027 1383
185045227005 1348
104076051178 1348
074127213154 1344
135118194192 1298
054038017254 1291
061128229107 1266
079124061201 1265
046040043060 1258
074127213145 1240
027043156197 1202
045242148223 1183
185202021233 1171
133218212225 1167
103241177177 1162
143246077246 1162
170034187008 1138
107186254208 1136
104045080220 1133
181191015215 1131
167136166160 1123
167136166165 1121
185016231219 1105
142015002208 1100
163206168085 1069
113096147210 1042
113096147211 1026
121239144104 1019
192254049203 1011
089135101166 1004
128018209149 1000