089135101171 107546
192254032037 67750
023091111006 67082
081068054104 65333
121091093231 61712
139053119011 60286
192254050149 50557
192254039115 48057
045238063168 34284
080189185222 33915
193232251075 32682
047152052073 29559
039107157211 27727
192254039162 22283
198070246086 21677
142173238140 16405
192254050038 14333
072239229147 12792
089135101223 12647
192254041137 12243
125160089236 10191
045242148143 9637
045031009016 9260
174244101086 9256
206142144060 7982
092206056043 7869
045238063216 7810
183047030220 6848
161097176110 6845
062223096074 6615
142215146150 6307
192254040115 6228
103241177097 5527
193194027169 5463
089135101052 5121
185107180240 4350
089135101222 4226
089135101049 3938
185072009086 3782
110190019029 3708
157009046181 3564
045252050109 3549
051173064180 3479
089135101221 3477
089135101061 3427
089135101103 3343
200221025175 3249
158186026009 2786
089135101152 2730
045252050157 2712
193194026193 2551
092206057073 2449
077121107173 2444
190227102153 2095
219186213049 2088
079124061175 2078
045252050189 1995
018064097211 1965
183047030241 1888
188116053051 1875
165249154078 1820
185016231216 1811
212216203241 1789
177127031164 1781
051164028153 1719
133218212225 1707
046040042226 1697
082011128250 1691
158186005237 1685
193135136023 1603
193249023206 1529
116212188219 1509
092206056089 1484
054038017254 1472
193194026040 1462
047155035025 1422
143246077246 1371
075122147237 1346
185045227025 1274
183047030218 1267
135118194192 1237
193003246027 1215
107186254208 1206
123204059048 1194
185016231219 1181
119171211147 1171
121239144104 1140
104045080220 1124
163206168085 1123
185006040050 1104
079124061201 1103
103128184191 1097
128018209146 1066
192254049203 1057
027043156197 1055
061194018129 1050
054036141234 1049
185202021233 1042
113096147211 1028
113096147210 1018
110242108211 1018
074127213154 1013
167136166250 1013
074127213237 1011
142015002208 1010
101029018177 1008
074127213133 1006
112127130142 1003
074127213150 979
045241221156 975
089135101155 971
089135101053 969
046153157046 965
218179116224 958
014179071088 952
027039075234 952
054036004042 947
219177255243 945
001244083078 941
128018209141 940
110012063116 938
061128229107 934
104045080211 929
222084081137 924
163206243111 919
071199084108 910
046040043060 901
107172148181 899
210241035049 897
106049165030 897
170034187022 891
089135101166 884
027043156196 884
061219042055 879
209030110174 876
113178046208 871
060005004223 867
175018040134 855
106050170039 853
045247181152 837
209205228038 831
128018209130 822
176060111139 817
193135136018 816
128030001216 811
107133073208 809
128018209201 809
045085194024 788
167136166162 787
159161039115 785
059247159239 777
159045170254 776
128018209149 759
091129180195 759
128018209132 746
104076051178 743
128018209157 736
170034187008 736
047126125157 734
194028200011 725
045252050132 723
167136166188 709
178173146043 706
167136166190 704
194027187208 700
071199100024 691
050123148230 685
074127213156 678
134062136238 670
135180009009 666
206142119128 664
094016081116 663
045242148223 656
107186252108 654
209097071241 653
018103043186 651
094199074132 636
085076247253 636
103241177177 633
074127213139 633
061223130226 623
161097075149 620
074127213148 618
167099045031 617
172105245025 613
060194163151 611
074127213236 605
016226083177 605
085072011051 600
104045080230 599
185045227053 598
101029037174 596
209030110213 595
172105145109 594
209030110240 592
089135101119 591
209030110225 588
089135111236 584
005132158221 582
071199066215 580
209030111096 580
094016250210 579
193145017084 577
074127213227 577
078032113130 573
037084110090 572
209030111015 567
188228032007 566
091016173000 565
210253254233 564
074127213230 564
172105148006 561
066024081177 560
061243180179 560
119012254250 559
161029020045 559
128030001220 557
058203162051 554
167136166161 553
167136166180 553
079124061210 552
185045227005 551
175049139071 546
170034187055 542
134062165094 542
185105007218 540
129087035185 540
104022102028 538
172104187112 538
185045227049 537
159045073038 536
178127251250 530
045085139065 530
209030111193 528
170034187004 522
128018209154 522
092134175034 518
167136166182 517
128018209226 516
128018209133 516
142173028017 512
172105144253 511
080189185134 506
159161169140 506
035072225171 505
069214003220 504
167212042141 500
172105148002 485
074127213149 483
139162187091 481
106051129149 480
157026222113 480
003040053106 478
075122147254 477
051190174079 477
139053100011 476
045085128096 475
096142025249 471
046153096071 470
213175007003 470
103241177045 469
139053225172 467
133218145055 465
167136166174 461
069217089014 461
167136166245 459
104045080187 458
054089165225 457
192254009039 455
172104002208 454
074127213144 454
064028067189 454
167136166240 447
104023033043 447
167068026249 445
069013074224 444
061180147130 443
192187216129 443
188228169062 443
177200150149 441
064030191172 441
172105209102 440
172105186187 440
167136166241 440
128216189235 439
167136166248 438
018103090244 437
165249045128 436
104023203229 436
172105160098 436
128216164237 436
170034187038 436
018055244240 436
167136166165 432
198070211054 432
037254239167 432
018048144247 430
167136166169 427
172105207241 422
092134175049 422
054140227015 419
139162159038 419
193135138101 417
165099120254 409
181126227070 408
202166059101 403
185045227045 402
193194027200 401
167136166181 400
167136166167 399
074127213152 398
185045227014 398
172105216000 396
074127213235 395
088240116142 395
058072062005 394
064030237244 394
071199077070 394
069219042145 394
051164031120 393
203194180154 393
074127213141 391
054095051126 390
167136166163 383
082175085247 381
054229115212 381
172105193082 380
176060110223 377
045115245121 375
155090007051 375
074127213226 373
104008093189 371
104045080242 370
050123176072 367
104079124223 365
195111201060 365
080189182119 362
052186110175 362
167136166244 362
051173182135 359
208071148036 357
128216037156 356
167136166173 355
051169008212 353
167136166183 353
034053119195 352
071199022232 351
087127235111 347
167136166254 347
167212129233 346
104079124242 345
120180125185 344
167136166184 344
139053032199 343
034050025217 341
194062230012 340
113105111018 340
046153047074 338
092134175042 338
074127213146 337
003198008028 335
167136166176 334
003063116177 333
054204072132 330
203194185198 328
167136166170 328
167136166171 327
074127213134 326
050123132152 326
045065090245 323
170034187031 323
074127213135 322
104004039051 322
185006042234 321
018080010116 321
074127213132 318
142173026053 315
045238063231 314
013129171016 314
094027103076 313
185045227021 312
202193082036 312
172105238242 312
180191139233 311
005002056073 310
182090244124 310
045222127117 308
069180238068 305
054039219124 303
051231124131 303
198156077068 303
001010068205 303
092037129004 303
174015018032 303
118116158242 302
162252229030 300
074127213131 299
104045080214 296
147198189192 295
074127213143 294
066000222222 293
167136166247 292
074127213158 291
074127213153 287
142173242201 287
046153207209 286
185213120177 286
031072109175 286
003040038059 286
188234067074 286
209030111253 286
061227082132 286
054220176246 286
172104240158 286
091037228134 286
163189161018 284
172105033173 282
183104048211 282
178217039206 281
069148070005 280
045074194204 279
167136166175 279
074127213138 278
170034187000 277
157026232144 277
104079124237 276
094153177209 275
192176131106 275
069148070006 274
134062155210 274
157009066132 274
167136166246 272
078161134071 271
035072056132 271
221050065011 271
089131094176 271
001001032224 271
034020225001 271
167212098186 270
103109030101 270
116219239231 266
174254111038 266
220086108019 264
185089208010 262
018016212055 262
154016195124 262
074127213151 262
106051207164 261
189129128175 259
123048090094 259
167136166179 259
074127213136 258
188228242093 258
124095024159 258
078036176155 258
058067088197 258
018098131138 258
059247229090 258
018099058193 258
104045080192 258
074127213234 256
170034187025 255
104008127225 254
167136166186 253
185089208011 253
031029027194 251
183148220117 251
163189224029 251
167136166166 250
203194188243 250
066000208022 249
034026047038 249
092134175053 248
074127213238 248
018022060174 246
170034187041 246
155167002024 245
045239011253 245
054185165247 245
037135118118 245
069148070019 244
014030242109 243
128216227189 241
104023160054 240
162254162143 237
172104242093 236
065253176223 236
185141228003 234
185059182170 234
104058161187 234
139162201214 234
045227199218 234
092134174222 234
061204223137 234
049086030015 234
060204147127 234
067182161203 234
202154116173 234
074127213159 232
092134175029 230
163189079084 230
203194181147 227
092134175010 226
185045227018 226
167136166243 226
103245080157 226
174244103103 225
218148047045 224
218185196023 224
183036098078 224
212030121106 224
018089196203 223
182124184214 223
182242083145 223
092134174253 223
059137176232 222
162252017169 222
078032112238 220
174244048080 220
052188208216 219
081070081042 219
183149105183 218
054178118149 216
218241060114 215
104079124214 215
199135222223 215
003068060063 215
167136166189 212
219173106163 211
031093148067 210
104045080247 209
142173138223 208
159190080135 208
062204024195 208
074127213232 208
138071232068 206
104079124211 206
103245175073 206
176115211242 206
061224197151 205
134062211117 205
052203092037 204
018122207215 203
106049051066 202
133218139121 201
104022116161 200
185037069223 200
092134175005 199
139162226062 198
045057179228 198
185045227037 198
059239148124 197
052230156247 197
208071151075 196
003047089187 193
118043121232 193
092134175058 193
069148070031 192
052075048252 192
092134175001 191
117059164129 190
167136166249 189
221207238193 189
018043252020 189
054132047132 188
161029017031 187
167136166177 187
034031055135 185
218176047037 185
104045080217 184
167136166164 184
136054040040 183
139162247088 182
104079124217 181
094016087141 181
074127213140 181
119230118037 181
052182161161 180
106051205157 179
064030237066 179
092134174205 178
054084173031 178
157026026104 177
074127213231 177
203194190252 176
181191015215 175
034059183133 175
074127213157 174
074127213224 174
071199102007 173
044160022059 173
071199039023 172
074127213228 172
003198127072 171
054089172005 170
172105089181 169
194053183012 169
047104134028 169
052068110048 168
104079124201 168
018120044249 166
167136166252 166
185016231220 166
003062167001 165
211224110128 165
065255194044 164
045242148155 164
172105196141 162
003047216204 162
054233092165 161
045242148094 160
034047081178 159
042131227092 159
157026247121 159
060131134209 159
134139169034 158
034055186193 157
051169057063 157
045156000060 156
092134174202 155
045240224084 153
075122151077 153
216137150026 151
209205245105 151
047148092132 151
198070217032 151
185045227001 150
069148070010 150
052069021130 150
092134174250 150
045229162184 150
051164022203 150
091019245101 149
109127059090 148
202004030145 148
142173080068 148
114115044240 147
054147199205 146
014119034000 146
185016231221 146
041080137014 146
195200199184 146
074076116148 145
106048184021 145
104067129208 144
052226049016 144
188228170209 142
101120175165 142
106050083118 141
122159041255 141
071199077069 141
059231107186 141
170034187048 140
177163114066 140
202155112125 140
106008196238 139
165249173232 139
202009119021 139
193046146171 138
185045227058 137
139162036242 137
188220017036 136
045086183242 135
054208058026 135
064028108185 135
008001152148 135
061208128140 135
052071082132 134
065253233206 134
157026021225 134
071199022234 134
172104089125 133
104079124225 133
071199076127 133
209205234025 131
050127056143 131
167136166185 131
185006043109 131
167136166187 131
106050149164 131
104045080224 130
162138123125 129
054237205161 128
052065067199 128
106050089030 127
128216107077 127
210107223058 126
092134175017 126
051190168109 125
172104070125 124
074127213239 124
167068216052 123
120249174008 123
047147142010 122
046153027197 122
074127213147 120
018124087246 120
163201109242 120
161029140080 119
054178045174 119
066000195146 118
035079059019 118
013231107213 117
185176176029 117
118220024048 117
133218139008 116
139162113180 115
005246001140 115
003066022168 114
003073197200 114
074127213233 114
106050212127 114
003145144002 113
172104118043 113
128216099221 113
054226100209 113
142212142204 113
133199122117 112
203194183176 111
018017084184 111
161029092136 111
047123189004 110
185118129002 109
039107167243 109
104079124231 109
094153177185 108
078032112243 108
043030212103 107
118123238073 107
003144208007 106
167068058230 106
207247023201 106
035072190097 105
133232026244 105
129124114013 105
202009093065 105
003070183010 104
047154172240 104
185089208015 104
122228012144 104
203234174115 102
054205110077 101
052244143087 101
139162066036 101
172105016072 101
122166011198 101
003147055212 100
188138226071 100
104079124232 100