089135101171 107546
192254032037 67750
023091111006 67082
081068054104 65333
121091093231 61712
139053119011 60286
192254050149 50557
192254039115 48057
192254039162 40777
045238063168 34284
080189185222 33915
193232251075 32682
047152052073 29559
039107157211 27727
198070246086 21677
192254050038 20479
142173238140 16326
072239229147 14025
089135101223 12647
192254041137 12446
045031009016 11465
125160089236 10191
045242148143 10179
174244101086 9138
206142144060 8866
045252050109 8342
092206056043 8129
161097176110 8010
045238063216 7810
183047030220 6848
062223096074 6615
192254040115 6427
142215146150 6307
103241177097 5527
089135101052 5121
185107180240 4350
089135101222 4226
089135101049 3938
051173064180 3807
110190019029 3657
157009046181 3564
089135101221 3477
089135101061 3427
074127213144 3390
200221025175 3278
089135101103 3275
089135101152 2833
185072009086 2786
158186026009 2786
045252050157 2712
077121107173 2628
193194026193 2551
092206057073 2449
106050170039 2447
190227102153 2216
001244083078 2134
045252050189 1995
079124061175 1982
018064097211 1965
143246077246 1965
219186213049 1902
183047030241 1888
188116053051 1875
212216203241 1806
082011128250 1793
177127031164 1781
051164028153 1719
046040042226 1697
158186005237 1685
185016231216 1646
193135136023 1603
133218212225 1580
193249023206 1529
203194180225 1528
058072062005 1526
116212188219 1506
092206056089 1484
047155035025 1477
054038017254 1471
192099163176 1467
193194026040 1462
081068051157 1399
193003246027 1364
128018209146 1353
075122147237 1346
185045227025 1299
183047030218 1267
163206168085 1245
161097075149 1239
135118194192 1237
074127213133 1222
018103090244 1216
123204059048 1194
119171211147 1186
185016231219 1180
107186254208 1178
104045080220 1173
113096147211 1173
095100161161 1167
185045227005 1165
192225102029 1136
039107031052 1133
121239144104 1121
106048184021 1113
185006040050 1104
103128184191 1096
165249154078 1089
118220024048 1087
104045080211 1072
061194018129 1067
219177255243 1066
074127213227 1060
192254049203 1057
027043156197 1055
054036141234 1049
069148070010 1047
185202021233 1042
128018209141 1023
110242108211 1018
113096147210 1018
074127213154 1013
074127213237 1011
222084081137 1009
101029018177 1008
079124061201 1007
112127130142 1003
188067202081 1000
016226083177 999
202009064238 995
170034187022 993
155090007051 992
133218181131 974
089135101155 971
089135101053 969
027039075234 968
202193083046 967
046153157046 965
218179116224 958
194028200011 956
128030001216 955
061128229107 952
014179071088 952
218185196023 949
054036004042 947
110012063116 938
039111176140 930
203194185083 930
163206243111 919
027043156196 918
113178046208 917
107172148181 899
128018209130 899
210241035049 897
106049165030 897
071199084108 895
060005004223 892
203194180154 885
061219042055 878
209030110174 875
134062136238 874
106008229022 871
074127213150 869
167136166250 863
128018209201 858
175018040134 855
167136166161 848
209205228038 831
163189014120 827
078032112243 826
203194183191 822
159045170254 822
163189114022 817
176060111139 817
193135136018 816
092134175042 792
202193084232 790
045085194024 790
091129180195 790
074127213142 788
159161039115 785
178173146043 778
059247159239 777
120249175237 775
161029140080 765
167136166162 763
045247181152 759
128018209149 758
067181170070 758
135180009009 753
128018209132 750
209030111193 747
210253254233 747
128018209157 747
202004027026 739
170034187008 739
064028067189 737
047126125157 734
058203162051 734
071199066215 731
089135101166 725
192034169086 724
167136166188 709
172105245025 703
212128106058 702
194027187208 700
018098131138 693
071199100024 691
050123148230 685
094199074132 685
167136166190 685
221124126032 680
045241221156 678
074127213156 678
074127213148 670
128018209154 668
104079124201 668
139162159038 666
206142119128 664
163189132209 663
188228033222 663
209030111096 662
064030191172 657
045242148223 656
209097071241 653
085076247253 647
142015002208 641
051113099171 640
104100181013 638
161029020045 634
133218137240 634
103241177177 633
203194177163 633
074127213139 633
104008095022 632
089135111236 632
061223130226 623
107186252108 621
140137064194 620
170034187004 617
167099045031 617
101029037174 612
060194163151 611
128030001220 611
193145017084 610
203194184147 607
209030110225 601
202009077001 598
185045227053 598
074127213236 596
209030110213 595
074127213230 595
172104187112 594
163189225053 594
209030110240 592
089135101119 591
085072011051 590
107191028231 588
177200150149 586
091016173000 582
193194027169 582
005132158221 582
209030111015 582
170034187055 580
129087035185 578
074127213146 576
172105144253 575
037084110090 572
054039219124 572
167136166169 570
134062165094 569
094016250210 568
188228032007 566
045085128096 563
134062211117 562
163189074209 561
061243180179 560
165099120254 559
035084134106 559
066024081177 558
172105193082 557
045085139065 556
167136166180 553
049072214023 553
172105148006 553
185213120177 542
185105007218 541
202193083023 541
104023203229 540
051190174079 538
119012254250 534
003040053106 533
167136166182 531
034026047038 531
208071148036 531
178127251250 530
159045073038 530
139162187091 528
139129067172 526
069214003220 525
092134175034 524
104022102028 524
202193084032 522
035072225171 519
139053225172 519
050123176072 517
128018209226 516
104079124237 512
037254234100 510
080189185134 506
159161169140 505
172105145109 504
104045080230 503
167212042141 500
157026222113 499
167136166241 498
071199022232 496
092134175010 492
202193084191 489
074127213128 489
172105148002 485
095220044107 484
104079124225 484
045023099186 482
202193084124 481
061180147130 478
075122147254 477
031072109175 477
139053100011 476
051113099161 472
133218148082 472
142173028017 472
046153096071 471
103241177045 469
133218145055 465
079124061210 465
213175007003 465
054089165225 463
106051129149 460
167136166168 459
192187216129 458
092037129004 454
172104002208 454
185045227049 452
167136166171 449
052186110175 448
220198055030 446
003063116177 446
188228169062 445
172105160098 444
133010055050 444
104045080187 443
128216189235 442
128018209133 440
008005108228 438
018055244240 436
192254009039 436
094016087141 435
165249045128 435
074127213224 434
078032113130 433
203194188136 432
037254239167 432
018048144247 432
167136166165 432
069013074224 431
202193085038 431
059156224217 430
165249038021 430
074127213149 425
035072056132 425
163189077061 421
172105209102 421
051169008212 419
054140227015 419
193135138101 417
069148070006 416
167136166240 416
167136166244 415
203194185046 415
202193084113 414
167068026249 414
117218034011 413
096142025249 413
172105207241 413
133199122030 413
172105216000 412
094067220025 412
167136166181 411
088240116142 411
104058161187 411
081167228045 408
185045227001 407
092134175049 407
050123132152 406
003194166098 404
194062230012 404
180191139233 403
042000176199 403
106085073042 399
091122190141 398
185045227045 398
185045227014 398
074127213235 395
071199077070 394
051164031120 393
163189077000 393
034053119195 393
045239011253 391
093139201227 391
074127213141 391
167136166247 391
002017104132 391
167136166183 385
018024062248 385
167136166170 384
170034187046 384
018022060174 383
185089208010 383
193128062037 382
013129171016 382
181126227070 379
222225216201 379
038181029241 377
176060110223 377
061185189024 376
082175085247 375
045115245121 375
091037228134 374
074127213226 373
104008093189 371
054229115212 369
116058092143 366
104079124223 365
188234067074 365
120180125185 363
069219042145 362
080189182119 362
183036098078 362
183149105183 362
195111201060 361
039096011051 360
104079124232 359
051173182135 359
074103231034 358
198156077068 356
167136166173 355
014030242109 354
167136166167 354
133218199009 353
045065090245 352
104045080242 350
152048185057 348
198070211054 348
167136166254 347
122228012144 346
167212129233 345
167136166184 344
203194185232 343
139053032199 343
183104048211 342
046153047074 338
203194159011 338
062204024195 337
113105111018 337
074127213132 336
106085086232 334
167136166176 334
080189185033 332
005002056073 332
074127213140 332
142173138223 330
163189022195 329
167136166175 329
074127213135 329
203194185198 328
172105186187 328
202166059101 328
203194169004 326
128216164237 325
003198008028 323
089131094176 323
209030111253 323
114127113115 323
203194188243 322
066000208022 320
087127235111 320
104076051178 320
074127213228 319
042131227092 319
170034187038 317
142173237154 317
142173026053 315
069180238068 315
018043252020 315
045238063231 314
045033199097 314
054204072132 313
202193082102 313
034031055135 311
163189103049 311
045222127117 308
167136166174 308
147198189192 306
119236092141 305
094016081116 305
163189027025 304
193194027200 303
051231124131 303
001010068205 303
003040038059 303
104079124242 302
203194186154 302
170034187031 302
118116158242 302
172104240158 302
185006042234 301
162252229030 300
092134175005 300
175146143213 299
202009093127 298
163189224029 296
074127213143 294
172105238242 294
202193082036 294
074127213158 291
163189228215 291
133218109063 291
189129128175 291
202193082170 291
074127213134 288
074127213153 287
212030121106 286
018099058193 286
142173242201 286
061227082132 286
046153207209 286
155167002024 286
001001032224 286
054220176246 286
221050065011 285
163189161018 284
203194190067 283
167136166163 281
182242083145 281
170034187025 280
067182161203 279
220086108019 279
163189139087 279
202004030212 279
045074194204 279
074127213138 278
220199134143 278
163189167222 277
170034187000 277
069148070016 276
154016195124 276
074127213159 275
106049051066 275
192176131106 275
074076116148 274
203194181142 274
116219239231 274
172104242093 273
167136166246 272
157026232144 272
034020225001 271
124095024159 271
005246001140 268
134062155210 267
185016231221 266
062114116179 266
202193082205 266
118043121232 263
094153177209 263
074127213151 262
106051207164 261
101120131221 260
073141253117 259
167136166179 259
202193084244 259
123048090094 259
031029027194 259
059247229090 258
078036176155 258
185089208011 258
202193082155 257
018016212055 256
104023160054 256
104045080192 255
188228242093 255
035111184205 254
190185163223 254
003198127072 254
163189143049 254
117198018118 253
045233117109 253
049050055211 251
167136166166 250
074127213238 248
074127213152 247
202193082151 246
162254162143 246
170034187041 246
152162212107 246
103245175073 245
054185165247 245
051113079156 245
218148047045 245
185059182170 245
052230156247 245
104045080214 245
202009065188 242
052075048252 242
031056042042 240
139053100061 239
093169191093 238
103245080157 237
161029017031 237
031093148067 235
049086030015 234
185045227021 234
210107223058 234
045227199218 234
139162201214 234
185141228003 234
080161248132 234
051169057063 234
203194190036 234
150146036064 234
092134174222 234
061204223137 234
202193082191 233
202154116173 233
114074207091 233
065253176223 232
092206056035 232
162138123223 230
139162036242 230
157009066132 229
074127213239 229
119094027087 227
163189009024 227
167136166243 226
174244103103 225
107148189079 225
195200199184 224
163189096113 224
182124184214 223
059137176232 222
163189079084 222
059136100023 222
189136067117 222
193046146171 222
203194191187 221
078032112238 220
163189097102 219
202193084102 219
081070081042 219
181191015215 218
163189048229 218
165249173232 217
054178118149 216
133218253194 216
034050025217 216
104079124214 215
081167133008 215
003068060063 215
199135222223 215
061224197151 214
092134175058 214
046040043060 214
106008076134 212
202193084064 212
133199160232 212
047145203237 212
005130127175 211
094027103076 210
074127213232 209
104045080247 209
054132047132 209
185045227037 208
202004027023 208
018080010116 207
074127213136 207
202193084158 206
104079124211 206
176115211242 206
094153177185 206
163189066002 205
069148070019 205
074127213147 204
202004028196 203
018089196203 203
104079124217 203
133199122023 203
183148220117 202
049239067099 202
174244048080 202
106051205157 202
185045227018 202
003047089187 202
069148070005 202
163189197252 201
018122207215 200
140234242125 199
003047216204 199
104004039051 199
163189099032 199
136054040040 199
202193083126 198
034059183133 197
059239148124 197
213023114003 197
052069021130 196
221207238193 195
220199091129 194
138071232068 193
203194169014 193
036243054242 192
167136166178 191
202193082106 191
042198155238 191
092134175001 191
167068240206 191
013101048253 190
123049243180 190
202193082081 190
185225022003 190
202193084058 190
163189025223 190
034047081178 189
167068168198 188
082094036190 188
186115040054 188
162138123119 188
167136166177 187
092134174253 186
090099142187 185
037219050213 185
090094189237 185
104022116161 185
208071151075 184
167136166164 184
203194180138 184
045057179228 184
162138123039 183
211224110128 183
013116033145 183
203194185114 182
203194179148 182
069148070031 181
111025050178 180
209205245105 180
037195053162 178
124120077137 178
054084173031 178
092134174205 178
114115044240 178
045240224084 178
157026026104 177
202193082014 176
202004030145 176
178217039206 176
106050149164 176
003145144002 175
172105196141 175
124120077006 175
175155021088 175
074127213157 174
163189036225 174
165249130163 174
044160022059 173
139162099056 173
071199039023 172
183036007119 171
163189078030 171
143108176225 170
194053183012 169
074127213131 169
177163114066 169
202193083163 168
052071082132 168
079124061000 166
167136166252 166
045252050132 166
203194183188 166
179003251170 165
167099026219 164
035013030105 164
162138123125 164
219182023008 163
133218158161 163
203194186157 163
167136166191 162
213032002175 162
054185099167 162
202193082000 162
062204162234 161
045113038245 161
138249005027 161
107169099002 161
041098031004 161
172105089181 160
045242148094 160
185037069223 159
060131134209 159
065253233206 159
104008127225 159
202193082103 158
066085089180 157
202193082161 156
216137150026 156
047126058047 155
164196033070 154
106085029012 152
117192086195 151
198070217032 151
221102030169 151
106050117037 151
117219045011 150
133218182014 150
157026247121 150
051164022203 150
052068110048 149
091019245101 149
120232066156 149
163189066010 149
133218139008 148
037115235054 148
109127059090 148
142173080068 148
077250066013 147
065255194044 147
049050173164 147
182090244124 147
014119034000 146
054237205161 146
064028108185 146
052182161161 146
165249149003 146
202193083065 146
119235019218 146
054147199205 146
133218128012 145
133199122104 145
202193082215 145
172104111223 145
052226049016 144
092134175053 144
167136166242 144
104045080224 143
101120175165 142
104045080183 142
188228170209 142
133199122117 141
039098215183 141
117002027074 141
075122151077 141
038181029216 140
018120044249 140
170034187048 140
150146049189 140
142212142204 140
106008196238 139
103016169221 139
103149005158 139
202009119021 139
051030114202 138
162138123208 138
050127056143 137
054068073227 137
008001152148 135
054208058026 135
071199077069 135
219173106163 135
003073197200 134
202193083055 134
167068216052 134
217215212158 134
071199076127 133
045067104242 133
119230118037 133
089175117230 132
071199102007 132
047148092132 131
003062167001 131
193128138116 131
192034169108 130
114008191233 130
068246135077 128
185224180003 128
188138226071 128
133199122042 128
064030237244 127
074127213225 127
128216107077 127
106050089030 127
163201109242 127
167068058230 126
071199022234 126
046053245069 126
092134175017 126
073059060226 126
159045013122 126
142173146230 126
122159041255 125
051190168109 125
162138123038 125
203194180197 125
178248018158 124
094016082153 124
172104070125 124
018026198015 123
106048074240 123
133218253014 123
047123189004 123
211061021024 123
035161209063 123
202193084093 123
163189088036 123
080161248217 122
163201101252 122
093024060094 122
203194181147 122
049050054137 122
062114121229 122
047147142010 122
087254017193 121
207247023201 121
066000222222 121
140137174192 120
172104111096 120
118123238073 120
133199122037 120
082103103101 119
203194180238 119
167136166189 119
123111195131 118
185006041120 118
202193084174 118
130137061033 118
172104118043 118
054159246242 118
202004025124 118
124120072112 118
163189253157 118
101216140102 118
163189168111 118
163189234203 118
106009103174 117
185176176029 117
015232226128 117
013231107213 117
046153027197 116
167212098186 116
060206129044 115
139162113180 115
188228163122 115
202193083071 114
178235048129 114
104079124231 114
047154104115 113
159161041036 113
119085212111 113
133218171103 113
157026021225 113
220198138072 112
088030009005 112
098103042228 112
054226100209 112
202193083198 111
111024226131 111
018017084184 111
045156000060 109
058014225211 109
121238150233 109
203000241094 109
074127213234 108
133199122012 108
052203092037 108
128216227189 107
003144208007 107
167136166186 107
203194189024 106
203194179151 106
034025098008 106
129124114013 105
202193084193 105
047154172240 104
125217192194 104
060130159111 104
185089208015 104
147198025033 104
111024173072 104
172246096134 104
163189083018 103
185006043109 103
133218102012 103
162138123108 102
052244143087 102
106085043025 102
203234174115 102
122166011198 101
119234010160 101
014158243201 101
119235088089 101
015180246108 101
172105016072 101
202193084030 101
202004029245 101
116164027000 101
203194162046 101
163189228209 101
104079124246 100
066000239073 100