000000080002 13584
002246128016 12859
175050080016 10359
122110128016 9225
094117128016 8851
188139128016 8681
103214128016 7743
144149128016 6812
188229128016 6667
201240128016 6445
002174128016 6404
050232128016 6196
199136128016 6090
166132128016 5876
144176080016 5811
160038080016 5546
102215128016 5409
090036128016 5387
100216128016 5306
173064128016 5283
242084128016 5272
065250128016 4997
036150128016 4982
147045128016 4928
239160080016 4910
124254128016 4808
136155128016 4521
003196128016 4451
030096128016 4442
133104128016 4436
185188128016 4427
148210128016 4417
000000080024 4367
056218128016 4360
115077128016 4207
203186080016 4116
052030128016 4074
159170128016 3996
054179128016 3971
045140128016 3969
213043080016 3957
115038128016 3788
203015128016 3742
035241128016 3722
096034080016 3682
075188080016 3658
178199128016 3645
144150128016 3645
130227128016 3634
151244128016 3605
027076128016 3453
118236080016 3384
073223128016 3299
170232128016 3279
148085128016 3196
062068128016 3193
068131128016 3192
145189128016 3124
063199128016 3100
116223128016 3069
054043080016 3056
097173080016 3046
059243128016 3002
117167128016 2992
214048128016 2989
009016128016 2918
061224128016 2914
106111128016 2914
142126080016 2913
056143128016 2904
040195080016 2901
102072128016 2871
068097080016 2859
163002128016 2853
164206128016 2801
037059128016 2771
237198080016 2771
013161128016 2766
231198080016 2761
062011080016 2736
000000128002 2714
016165128016 2701
198103128016 2687
127188128016 2682
158133128016 2664
053068128016 2659
219041128016 2653
010031080016 2651
162230128016 2645
221247128016 2641
243155128016 2624
137042128016 2617
204087128016 2600
173088080016 2598
094169128016 2581
000000128024 2567
079121128016 2554
069164128016 2544
168209080016 2522
020042080016 2485
191069080016 2481
150059128016 2480
201045080016 2472
092225080016 2471
152206128016 2419
089066128016 2418
209196128016 2373
251181080016 2361
016134128016 2360
207000128016 2358
174021080016 2356
171100080016 2350
237084080016 2333
050094128016 2318
026120080016 2306
175067128016 2305
038216080016 2297
138036080016 2290
124209080016 2290
046156080016 2289
011007128016 2275
082180128016 2262
025250080016 2259
041046128016 2242
166040128016 2230
176188128016 2227
224159128016 2222
164003128016 2208
020184128016 2200
065169080016 2196
076094128016 2195
172252128016 2186
067028080016 2185
050061080016 2183
214174080016 2155
112153128016 2152
185138128016 2136
048108128016 2135
174055128016 2119
178178080016 2110
241002128016 2108
250081128016 2106
160117128016 2104
014186128016 2096
156218128016 2088
233119080016 2084
062041080016 2074
196002128016 2074
132097128016 2069
000091128016 2061
235200080016 2059
212097080016 2057
029022080016 2057
029052128016 2034
119100128016 2029
207186128016 2026
141199128016 2021
045163128016 2020
136053128016 2013
086176128016 2009
119085080016 2009
029032128016 2001
050090128016 1999
077012080016 1994
033036128016 1991
053057080016 1990
069223080016 1986
102157128016 1977
095210080016 1976
221023128016 1975
066215128016 1973
251117080016 1973
015115128016 1971
138157080016 1968
148126128016 1966
001187080016 1964
179116080016 1962
094078128016 1960
079076128016 1960
000000160002 1959
038067128016 1956
064147128016 1951
148225128016 1949
102130128016 1948
224053128016 1947
226152080016 1946
206045128016 1934
128248128016 1931
226155080016 1929
070235128016 1913
170154128016 1901
176072128016 1900
026162080016 1898
074139128016 1897
065054080016 1888
141158080016 1875
236140080016 1873
026036080016 1870
241012080016 1869
210117128016 1868
116015128016 1858
009111080016 1857
238016080016 1851
131130128016 1841
106110080016 1822
139118128016 1811
208119128016 1806
073004128016 1803
056028080016 1801
200177080016 1798
076221128016 1790
205118128016 1781
005134080016 1766
082090128016 1766
081046128016 1763
161177128016 1761
059053128016 1760
159059128016 1759
114127128016 1758
013245080016 1754
176009080016 1750
065157080024 1748
135082128016 1745
204049128016 1742
198174128016 1736
182000128016 1732
006231128016 1731
132123128016 1729
216040128016 1729
023204128016 1727
241104128016 1726
073026128016 1725
224153080016 1715
125095128016 1695
222238128016 1692
070011128016 1689
051119080016 1687
250238080016 1684
064024128016 1683
035250128016 1681
079240080016 1678
227216128016 1676
181125128016 1676
241002080016 1675
054155128016 1668
202035128016 1667
234144128016 1664
231172080016 1663
099126080016 1662
228091080016 1658
037031128016 1651
045087128016 1651
119241128016 1649
200039128016 1644
030230128016 1642
006129128016 1641
046179128016 1640
162052128016 1636
161249128016 1635
129111128016 1633
241127128016 1631
185132080016 1630
000186128016 1630
132092128016 1627
152135128016 1625
061238128016 1623
033140128016 1623
172024128016 1621
145136128016 1619
120018128016 1619
025172128016 1618
152045128016 1618
134134128016 1618
139034128016 1617
054168128016 1616
085029080016 1616
145054128016 1613
027134128016 1613
212033128016 1611
235079080016 1610
191170128016 1608
028106128016 1607
086057128016 1605
245109128016 1600
126213128016 1597
154105128016 1594
169162128016 1591
152095128016 1589
118148128016 1589
210002128016 1588
099090128016 1586
253064128016 1585
107201128016 1583
114238128016 1582
228105128016 1582
171171080016 1582
163213128016 1580
063202128016 1580
123226128016 1579
151104128016 1578
183234080016 1577
054074128016 1577
227241128016 1574
204040128016 1574
140221128016 1574
066118128016 1573
191020128016 1572
025166080016 1569
172087128016 1568
034208128016 1567
053069128016 1567
079193128016 1566
120145128016 1565
141018128016 1563
201176128016 1563
068132128016 1558
247073128016 1554
191130128016 1551
224010128016 1551
160081128016 1550
056198128016 1550
239024128016 1550
247243128016 1550
176030080016 1549
155076128016 1549
026151128016 1548
146158128016 1547
066209080016 1546
000004128016 1544
251167128016 1543
198205128016 1543
214066128016 1540
213087128016 1536
000000160018 1535
186229128016 1534
233197128016 1532
164091128016 1530
213062128016 1529
141216128016 1528
252162128016 1527
115219080016 1527
089233080016 1526
031133128016 1525
036216128016 1524
138135128016 1523
050140128016 1520
219002128016 1520
175083128016 1517
031015128016 1516
138110128016 1515
108160128016 1515
125126128016 1514
020234128016 1514
096204080016 1514
181036128016 1513
088174128016 1513
127133128016 1512
111230080024 1510
087134128016 1509
158032128016 1508
098007128016 1508
126131128016 1507
250069128016 1507
156084128016 1503
146161128016 1502
184216128024 1501
123094128016 1500
003044128016 1500
031210080016 1499
062197128016 1496
151017128016 1494
161215128016 1493
167065128016 1492
193177128016 1490
115002128016 1489
213196128016 1489
099063128016 1488
127168128016 1487
238199128016 1486
040234128016 1486
077190128016 1485
178237128016 1484
023044128016 1483
186030128016 1483
017062128016 1480
008251128016 1480
014016128016 1479
164007128016 1479
148234128016 1479
013231128016 1478
070080080016 1477
063080128016 1477
000157128016 1475
135231080016 1474
026078080016 1473
110216128016 1472
144044128016 1472
107108128016 1470
074104128016 1469
204161128016 1467
070150128016 1467
050114128016 1467
112223128016 1465
002043080016 1465
080085128016 1464
037222128016 1464
178037128016 1463
094008128016 1462
061128128016 1461
200143128016 1459
070244128016 1458
122242128016 1457
059254128016 1456
177200128016 1456
121159128016 1455
112114128016 1455
146045128016 1454
116062128016 1453
047083128016 1453
219232128016 1452
107033128016 1452
249063128016 1452
095117128016 1448
106080080016 1446
109019128016 1446
074107128016 1446
118112128016 1445
037055080016 1445
037205128016 1444
011129128016 1444
239038128016 1444
032091128016 1443
166057128016 1442
134056128016 1441
041098128016 1440
022253128024 1439
141213128016 1438
039187128016 1437
066052128016 1432
175099128016 1432
178251128016 1432
143176128016 1431
105215128016 1430
134049128016 1429
247217128016 1426
143082128016 1425
124204128016 1424
039059128016 1424
147166128016 1423
052012128016 1423
253061128016 1422
151118128016 1421
116066128016 1420
009024128016 1420
104010128016 1420
115184128016 1419
010032128016 1418
061058128016 1418
029126128016 1418
129091128016 1418
126141128016 1417
009220128016 1416
108196128016 1415
065205128016 1413
108162128016 1412
080082128016 1410
149176128016 1410
250222128016 1408
101051128016 1407
232022080016 1407
053017128016 1405
012114128016 1405
130106128016 1405
222029128016 1405
219014128016 1405
235241128016 1405
201232128016 1404
044153128016 1403
005185128016 1403
099239128016 1402
107099128016 1402
145094128016 1400
140161128016 1399
085034128016 1398
139122128016 1397
054175080016 1397
243128128016 1395
213250128016 1392
077226080016 1392
197054128016 1392
144187080016 1391
023176128016 1391
162094080016 1390
115242128016 1389
094163128016 1389
171221128016 1388
135235128016 1387
106241128016 1386
232082128016 1385
104233128016 1384
186225128016 1384
057169128016 1383
053150080016 1382
051120128016 1381
015053128016 1380
206139128016 1378
034174128016 1378
084204128016 1375
048074128016 1374
110198080016 1373
054053128016 1372
053055128016 1372
002118128016 1372
121207128016 1371
141107128016 1370
067042128016 1369
187206128016 1369
109210128016 1368
196012128016 1367
237016128016 1366
157067128016 1366
060133128016 1366
041009128016 1366
127064128016 1365
168107128016 1365
012245080016 1364
067086080024 1363
193036128016 1362
120148128016 1360
076197128016 1360
131224128016 1359
048251128016 1358
013143128016 1356
101113128016 1356
044233128016 1355
072240128016 1351
152242128016 1350
140229128016 1349
007028128016 1349
097186080024 1349
065199128016 1349
078183128016 1349
033064128016 1348
027120128016 1347
156003128016 1347
089121128016 1345
172061128016 1344
126135128016 1340
035112128016 1340
054204128016 1338
134244128016 1336
153213128016 1336
143249128016 1335
018205128016 1334
131055128016 1333
048187128016 1332
087224128016 1332
036236080016 1331
158152128016 1331
076176128016 1331
233179080016 1330
219017128016 1330
077162128016 1328
024152128016 1327
137175128016 1327
089220128016 1326
170240128016 1325
137229128016 1325
087241128016 1323
133142128016 1322
175125128016 1320
057069128016 1320
253205128016 1319
218021128016 1317
071244128016 1316
032056128016 1316
158001128016 1315
155176128016 1313
136163128016 1313
065039128016 1312
175171128016 1311
102162128016 1311
080104128016 1309
107011080016 1309
105044128016 1308
161070128016 1307
008175128016 1307
124096128016 1306
143222128016 1305
043247128024 1305
201219128016 1305
064190128016 1304
095069128016 1301
149078128016 1301
003028128016 1301
233073080016 1299
059210128016 1298
047052080016 1296
142011128016 1295
169217128016 1294
119197128016 1293
145203128016 1293
128076128016 1293
047082128016 1292
042160128016 1291
247094128016 1290
144109128016 1289
064042128016 1287
123035080016 1287
179095128016 1284
018104080016 1284
187090128016 1283
159193128016 1283
135028128016 1283
150047128016 1282
156122128016 1282
079241128016 1280
249023128016 1280
149087128016 1279
070177080016 1277
113104128016 1275
049226128016 1275
250000128016 1274
237117128016 1274
136130128016 1272
167191128016 1272
163225128016 1272
094150128016 1271
058132128016 1269
029012128016 1268
062158128016 1268
127013080016 1267
224060080016 1267
223208128016 1267
182178128016 1265
148159128016 1263
169169128016 1261
023141128016 1261
244134128016 1261
247084128016 1260
251065128016 1260
047121080016 1260
133168080016 1259
112242128016 1257
051096080016 1257
075090128016 1256
056015128016 1255
014218128016 1255
024119080016 1253
043132128016 1253
011171128016 1251
200139128016 1251
144249128016 1250
190086128016 1249
079021128016 1249
089129128016 1248
050146128016 1248
184041128016 1247
188083080016 1246
042152128016 1246
121124128016 1245
198044128016 1245
015232128016 1243
254174128016 1243
183140128016 1243
092032128016 1241
128177128016 1241
160255128016 1240
160218128016 1239
129223128016 1239
235086128016 1238
042163128016 1237
039008128016 1235
002187128016 1234
101002128016 1233
063177128016 1233
016196128016 1232
168166128016 1232
192055128016 1231
104124128016 1231
073184080016 1231
015004128016 1230
068252128016 1230
162180128016 1229
239153128016 1229
184218128016 1229
119235080016 1229
143092128016 1224
027203128016 1224
127233080016 1224
132179128016 1223
148219128016 1222
080213128016 1222
163228128016 1220
158208128024 1219
040165128016 1217
026161128016 1216
111151128016 1216
033076128024 1215
134133128016 1215
173061128016 1212
096191128016 1212
236041080016 1211
107151080016 1211
120024128016 1209
001240080016 1207
079239128016 1206
054014128016 1206
070190128016 1206
116243128016 1202
232148128016 1202
237048128016 1200
196094080016 1199
120191128016 1197
200056128016 1197
125090128016 1196
019014080016 1196
196209128016 1196
099080128016 1195
152143128016 1195
136065128016 1195
009161128016 1194
156217128016 1194
126209128016 1193
235160128016 1192
029221128016 1190
090076128016 1190
166222128016 1190
127178128016 1186
000254128016 1185
140089128016 1184
113126128016 1183
181054080016 1182
024228080016 1179
192166128016 1179
148162128016 1178
146213128016 1176
049169128016 1174
036207080016 1173
058231128016 1172
065011128016 1169
049164080016 1169
019170128016 1168
176104128016 1167
181089128016 1167
080006128016 1166
079087080016 1165
064248128016 1165
008133128016 1165
069060128016 1164
044142128016 1163
112138128016 1160
057100128016 1159
085071128016 1159
074050128016 1158
151070128016 1156
126003128016 1156
157208080016 1153
114188128016 1152
169119080016 1150
129130128016 1149
121117128016 1148
082186128016 1144
017156128016 1144
022253128016 1143
183101128016 1143
237233128016 1141
097050128016 1140
110155128016 1138
186089128016 1134
042061080016 1132
015201128016 1131
008079080016 1131
006045128016 1129
212027128016 1129
144091128016 1127
224066080016 1126
197036128016 1125
111191128016 1125
056064128016 1124
196160128016 1123
004163128016 1120
145004128016 1119
134083128016 1118
156226128016 1118
107206128016 1116
126045080016 1116
064135128016 1116
136005128016 1115
002151080016 1115
000000176016 1114
229009080016 1114
105148080016 1113
185006128016 1113
108121128016 1112
115249128016 1112
132201128016 1111
214111128016 1111
156230128016 1111
038221128016 1110
132254080016 1106
157046128016 1104
077167128016 1102
103236128016 1101
160121128016 1099
250111128016 1099
015070080016 1097
074138080016 1097
234021128016 1093
188081128016 1093
066058128016 1092
157237080024 1092
186248128016 1089
058128128024 1089
246037128016 1088
196223128016 1085
253071128016 1084
062234080016 1083
190104128016 1082
036086128016 1081
229252128016 1080
131091128016 1076
114153128016 1074
042018128016 1073
152112128016 1070
133126080016 1069
075174128016 1069
219231080016 1067
005224128016 1065
080039128016 1065
046254128016 1064
199207128016 1061
027032080016 1058
118253128016 1057
105110128016 1056
054146128016 1056
034036128016 1055
117205128016 1055
037067128016 1055
052243128016 1054
082249128016 1053
017236080016 1053
199157128016 1052
195106128016 1050
233031080016 1049
235035128016 1047
148108080016 1047
129214128024 1047
155018080016 1044
187046128016 1044
133107128016 1043
065237128016 1040
113247128016 1040
241229128016 1039
080178080016 1038
158081128016 1038
000000208016 1037
032245128016 1037
038227128016 1036
004069128016 1035
067127080016 1035
086171128016 1034
000000176002 1033
178228128016 1032
135087080016 1032
042039128016 1031
067232128016 1029
061075128016 1025
198066080016 1025
023106080016 1023
177037080016 1021
230105128016 1017
217018080016 1015
043100128016 1014
035021128016 1012
122233128016 1012
249229080016 1008
088206080016 1006
126178128016 1006
112011128016 1006
000000080016 1003
108215080016 1003
220036128016 1002
120041128016 1002
001034080016 1000
092085128016 1000
193095080016 999
119188128016 999
016078080016 997
202148080016 996
071133128016 996
245213128016 994
203241080016 994
199249128016 993
083128128016 993
144062128016 990
014099128016 988
001134128016 987
116190080016 983
218042128016 983
158145128016 983
208096128016 980
112217128016 979
159189128016 978
216073128016 978
127006128016 976
165021128016 971
095052080016 961
128182128016 961
103252128016 959
099154128016 958
115077080016 958
030199128016 957
126197128016 956
045079128016 953
099185128016 953
054091128016 952
173109128016 950
194068128016 949
021244128016 949
196049128016 949
123089080016 947
194118080016 944
045089128016 941
213025128016 939
008089128016 939
028188128016 936
127016128016 936
113131128016 936
045012128016 935
035251128016 935
155048080016 933
161217080016 929
165238128016 927
097139128016 923
112026080016 921
068254080016 921
137088080016 920
083182080016 919
114213080016 916
184013128016 914
049146128016 914
051213128016 913
047029080016 913
072122128016 913
078051080016 912
006027128016 910
194087128016 910
222168080016 910
019076080016 907
021010128016 906
210071128016 904
125173128016 902
023020080016 898
204152128016 897
237201128016 897
128218128016 896
246026128016 891
055238080016 889
049103080016 889
089089128016 888
025208080016 887
222205128016 887
192039128016 886
194238080016 886
100004128016 886
035125080016 884
185120128016 882
176002128016 880
056056128016 878
026187128016 877
019249128016 876
094129080016 875
175139128016 875
089099080016 873
189200128016 870
156044080016 867
063167128016 866
024151128016 866
064220128016 864
154224128016 863
018086128016 862
113220080016 862
144024128016 861
000095128016 859
106100080016 857
125086080016 857
176100128024 857
053129080016 857
143148128024 856
187047128016 856
019160128016 855
207000128024 855
134246128016 852
099243080016 849
124003128016 848
214125080016 846
153159128016 845
238169080016 844
022045080016 844
219158080016 843
085039128016 843
231141128016 842
176093128016 842
026204080016 841
182166128016 840
038101128016 839
021005128016 838
108139128016 836
021234080016 835
122158128016 835
079015080016 833
124119080016 830
165082128024 830
020238128016 830
061044128016 830
135117128016 828
070039128016 826
102205128016 825
126082080016 825
128173080016 824
194244080016 823
062234080024 822
093138080016 820
163009128016 820
219145128016 817
234083128016 817
003181128016 816
126088080016 816
110021128016 814
049092128016 814
142021080016 814
124136128016 814
217014128016 813
169093128016 810
062068128024 810
220108128016 809
193021128016 808
126243080016 807
091038128016 807
226031080016 807
178004128016 806
232156128016 806
189174128016 806
208214080024 806
211194080016 806
176037128016 803
108085080016 801
073193080016 800
074041080016 799
002131080024 799
032035128016 798
149249128016 798
158013080016 798
207047080016 798
112146080024 798
057173128024 798
197007128016 796
205232128016 796
129179128016 796
211222128016 796
106162128016 793
169230128024 793
057024128016 792
182156128016 791
098151128016 790
110199128016 790
068103080016 789
003219128016 788
127109080016 788
137238128016 787
118132080016 785
241011128016 785
168172080016 785
011006128016 785
213016080016 783
081178080016 783
175095080016 782
112242128024 782
226228128016 781
187182128016 780
078247128016 778
061251128016 778
155022128016 778
089002128016 777
091143128016 777
209001080016 777
102229080016 776
005159080016 775
127179080016 774
125051080016 772
221171080016 769
128252128016 769
125065080016 767
230077128016 767
194067080016 767
061015128016 765
111255128016 762
082049080016 762
168208128016 760
189081128024 759
083088128016 759
147108128016 757
217082128016 757
143250128016 757
081150080016 756
146255128016 755
138169128016 755
103129080024 754
220136080016 753
174188128016 752
034004128016 752
119151128016 752
036030080016 752
009058080016 751
166197128016 750
072142128016 749
055057080016 749
075232080016 749
166179080016 748
163076128016 746
082011128016 745
065033080016 744
095058128016 744
122106128016 742
142148080016 742
231110128016 741
255197080016 741
110059128016 740
171018080016 740
015228128016 739
151094080016 738
168006128016 737
200094080016 737
091070128016 737
153114128016 736
084233080016 736
109068128016 735
085171128016 735
245059128016 735
022040128016 734
096149128016 733
135226128016 733
168225080016 732
105176128016 731
196125128016 730
019126080016 730
129232128016 730
068029128016 725
204133128024 725
150118128016 724
060228080016 724
226194128016 722
067024128016 722
156020128016 722
026164128016 722
122078080016 721
103149080016 721
026068080016 720
120134128016 720
130132080016 718
019218080016 716
148059128016 715
007142080016 715
173117080016 715
156018080016 714
194230128016 714
179151128016 713
032118128016 713
023057080016 712
057110128016 711
070082128016 710
117072080016 709
032076128016 707
076166128016 707
146014128016 706
245014080016 706
051192080016 705
245094128016 703
049005080016 702
131000128016 701
117176080016 701
108078080016 700
242137128016 700
101243128016 700
236212128016 700
027219128016 699
243019128016 699
041018128016 697
094239128016 697
019245080024 695
247216128016 695
105026080016 695
221215080016 695
096099128016 695
073011128016 695
242032128016 694
022208128016 693
188229128024 691
149193128016 691
154044080016 691
197016128016 690
161148128016 688
251237080016 688
018150128016 687
053188128016 687
186068080016 687
176126128016 686
192154080024 686
209233128016 686
171223080016 685
080070128016 685
226040128016 685
225199080016 685
087204080016 682
040028080016 681
168194128016 681
027035128016 681
164253128016 680
121102080016 680
142159080016 679
053158080016 679
008018128016 679
160023080016 679
147125128016 678
219045128016 677
103187128016 677
073042128016 677
042244128016 677
018150080016 676
076224128016 676
027226128016 675
188035080016 675
005159128016 675
009236128016 673
200218128016 672
102056128016 672
033136128016 672
133027128016 672
105145128016 671
077171128016 670
174147128016 670
019125128016 669
149110128016 669
031164080016 669
035123080016 668
172153080016 668
236155080016 667
028061080016 666
032169080016 666
120041128024 666
150117128016 664
245090080016 664
170008080016 663
112056128016 661
137252128024 661
009010128016 660
108142128016 659
155074128016 658
176235128016 658
124089128016 658
131007128016 658
138059080016 658
012097128016 658
235231128016 658
202246128016 658
162056080016 658
123237128016 658
135062128016 658
079093128016 656
143244128016 655
121027080016 652
047063128016 652
001083080016 652
083217080016 651
030244080016 651
134233128016 650
008134128016 650
011202128016 649
116042128016 648
124255080016 646
242001128016 646
162098128016 645
250091128024 645
179200080016 645
094059128016 644
026117128016 644
228134080016 644
155116128016 643
208111080024 643
117094080024 642
031251128024 642
211124080016 641
084104128016 641
102216080016 640
120045080016 640
056104080016 640
115100128016 639
112225080016 639
122067128016 638
069103128016 637
058123080016 637
028213128016 637
136208128016 637
115034080016 636
180221080016 636
038167128016 635
151112128016 635
212142128016 635
069141080016 634
238245128016 634
247246128016 634
002120080016 633
150082080016 633
142153128016 633
021070080016 633
032239080016 633
193246128016 632
087217080016 632
006081128016 632
024057128016 631
055077128016 630
084239080016 628
157099128016 627
135063128016 627
208240128016 627
243196080016 626
078020080016 626
054141080016 625
160241128016 624
000000128017 623
236199128016 622
232206128016 620
173229128016 620
118106128016 620
009244128016 619
142107080016 618
229091128016 616
081141128016 616
032187128016 615
243241080016 615
178152080016 615
035120128016 613
119204128016 612
243109128016 612
033120128024 611
072018080016 611
051248128016 610
248144128016 609
117219080016 609
044164128016 609
188122128016 608
251173128016 608
151213128016 607
167008080016 607
051095128016 606
229164080016 606
229138080016 606
087188128016 605
179106128016 605
087041128016 605
086195128016 604
084205128016 604
027089080016 604
011053128016 603
123086128016 603
011188128016 601
015112128016 601
001218128024 601
044204080016 600
166171128016 599
155121128016 598
144078080016 598
015176128016 598
030144080016 597
215084128016 597
214179080016 597
140213080016 597
159120128016 596
141207080024 596
169219128016 594
181234080016 594
061199128016 593
080041080016 593
239207128016 591
211222080016 591
022156128016 591
236174128016 591
119138080016 590
016016080016 589
139056080016 589
220217128016 588
234176080016 588
039079128016 587
118088128016 586
113066128016 585
150177128016 584
013196128016 584
061236080016 583
028180128016 583
174021080024 583
070110128016 583
123011128016 583
136034128016 582
153177128016 581
076109080016 581
223165080016 580
120225128016 580
014170128016 580
017233128016 579
157126128016 579
208244128024 579
067074128016 579
139009128016 578
082052080016 577
036215080016 577
151037080016 577
164094128016 576
056098128016 576
190079128016 575
172015128016 573
002175080016 573
128085080024 573
002241128024 572
194166128016 572
045159080016 572
254009080024 571
106160128016 570
052061080016 570
086091080016 570
251035128016 569
122086128024 569
235129080016 569
099018128016 568
093245128016 568
249032128016 568
070252128016 567
118009128016 567
237029080016 566
138205128016 566
193227080024 565
055117128016 564
203186080024 564
007086128024 563
164068128016 563
129233080016 563
109188080016 563
247027080016 563
175086128016 563
089112128016 563
042059080017 562
176131128016 562
169169128024 562
028154128016 562
079024080016 561
166131128016 561
071108128016 561
083117128016 560
182175080016 560
174185080016 560
062176128016 559
120126080016 559
117080080016 557
048114080016 557
235146128016 557
127137080016 556
225073080016 556
122084128016 556
220027128016 556
115242128024 556
203118080016 554
159251128016 554
041145080016 552
236218128016 552
116044080016 552
107096128016 551
140077128016 551
158212128016 550
012030080016 550
024121080016 548
132168128016 545
078065128016 545
026153128016 544
026246080016 544
196023128016 544
046027128016 544
153187128016 544
202037080016 544
176093128024 543
114185128016 543
046150128016 543
103022128016 543
142063128024 543
195109128016 542
034072128016 542
085245128016 542
039040128024 542
068219128016 542
079057128016 542
238229128016 542
230203080016 542
124030080016 542
225249080016 541
075078128016 541
077180128016 541
128185080016 540
131025080016 540
140080080016 538
083056128016 538
118236080024 537
229060128016 537
248170128016 536
176100128016 536
222155128016 536
030141080016 535
016238128024 535
126242128016 535
185009128024 535
106157080016 534
095050128016 534
188254128016 534
108152080016 533
096111128016 532
045254080016 531
094159128016 531
121029080016 529
254045128016 528
151185128016 526
088205128024 526
033215080016 526
156062080016 526
041061128016 526
104182128016 526
201219128024 526
082152080016 525
174117080016 525
225027128016 524
162208128016 524
228249128016 523
031157128016 523
107109128024 523
162045080016 523
002228128016 522
038128128016 521
223136128016 520
208081128024 520
126210128016 520
057220128024 520
236190128016 520
135226080016 519
211194080024 519
128213128016 519
177046128016 518
240080128016 517
119221080016 517
011057128016 517
112244080016 517
200250080016 517
025124080016 517
109178080016 516
231129080016 516
122127080016 514
050197080016 514
171141128016 513
051098080016 513
205157128016 512
026255128016 511
127081128016 511
000000176194 511
097024080016 511
014027128016 511
088227080016 510
050041080016 510
089091128016 510
197250080016 510
114130080024 509
218222080016 509
036195128016 509
001169128024 507
208102128016 507
187188128016 507
082252128016 506
217166080016 506
137212080016 505
110122128016 505
119004080016 504
225016080016 503
238129128016 503
164242128016 503
239049128016 503
121151128016 503
046063128016 503
166003080016 502
107106080016 501
160025128016 501
221166128016 500
078253128016 500
070209128016 499
233021128016 499
232077080016 499
001126080016 499
138166128016 499
231000128016 498
105131080016 498
028077128016 497
050247128016 497
109182080016 496
178158128016 495
076232080016 495
117094080016 494
072031128016 494
097156080016 494
132073080016 494
201240128024 494
092198128016 492
220027128024 492
115137080016 492
034115080016 491
059175128016 491
021238080016 491
107120080016 491
162221128016 490
174248128016 490
047018128016 490
003185080016 490
139092128016 490
117120080016 489
008103128016 486
190169128016 486
054043128016 486
060096080016 485
248166080016 485
056139128016 485
008151080016 484
143231080016 483
228225128016 483
075205128016 483
019149080024 483
101042128024 483
122066128016 482
002246128024 482
074216080016 481
211242128016 481
005088128016 481
169170080016 481
195219128016 481
204194080016 481
143185128016 481
232242080016 481
159014128016 481
033151080024 480
159153128016 480
085043128024 479
114221080016 479
058121080016 479
255090080016 479
209203128016 479
037086128016 479
100212128016 478
224223080016 477
096212128016 477
144027128016 477
053191080016 477
119151080016 477
017245128016 476
012235080016 476
199155080016 476
106001080016 475
016138128016 475
169149128016 475
250209128016 475
169164080016 474
106073128016 474
137151128016 473
192134128016 473
122093080016 472
224236128016 472
156153080016 472
073094080016 472
175251080016 471
039133128016 471
231047080016 471
122090080016 470
089093128016 470
148074128016 469
132057080016 468
130019080016 468
112014080016 468
054094128024 468
216188080016 467
229236080016 467
076064128016 467
039209128016 467
118103080016 466
055240128016 466
032153080016 466
210122128016 465
139217128016 465
112102128016 464
230169128016 464
149082080016 464
194163128016 464
193113128016 464
167147128024 464
121098128016 464
022125080016 463
068028128016 463
057087128016 463
136012080016 462
120254128016 462
190224128016 462
143127128016 462
098019128016 461
180070128016 460
116178080016 460
133005080016 460
229045128016 460
109018128016 459
080024128016 459
007183128016 459
164083080024 458
063228080016 458
173133080016 458
037052080016 457
030175128016 457
255174128016 456
224049128016 456
117161080016 456
203227080016 456
114222128016 455
047137128016 455
050143080016 454
072169080016 454
140147080016 454
221157128016 453
036150128024 453
146248080016 453
254186128016 453
030115080016 451
200169080016 451
135005128016 451
222217128016 451
160105128016 451
059115080016 451
201039128016 450
242226128016 450
092088080016 450
060097080016 450
048109128016 450
158179128016 449
114130080016 449
195008128016 448
031215080016 448
178034128016 447
014166080024 447
168120080016 447
045123080016 447
211250128024 446
048012080016 445
020155080016 444
137221080016 444
191193080016 443
183030128016 443
036188080016 443
203004080016 443
107054128016 443
112177128016 442
111230080016 441
052168128016 441
008122080016 441
093031080016 441
072043080016 441
082021128016 441
049114080016 440
233236128016 440
217099128016 440
190235128016 440
057099128016 440
169163128016 440
008136128016 439
108157128016 439
099150080016 438
026168080016 438
115210128016 438
250140128016 438
161247128016 438
012084128016 438
016122080016 437
142107080024 437
155028128016 436
228220128024 436
112092128016 436
028082128016 436
059111128016 435
045033128016 434
144149080016 433
148215128016 433
180134080016 433
026082128016 432
163038128016 432
135253128016 432
112237128024 432
153041128016 432
116029080016 432
254140080016 432
032240128016 432
065197128016 432
159189080016 432
183238128016 432
005090080016 432
163097080016 431
216083128016 431
130157128024 431
000000096002 430
250206128016 430
010122128016 430
053079128016 429
232214080016 429
139002080016 429
234161128016 427
160021128016 426
102008080016 426
029002128016 426
074006128016 425
176133080016 425
005015080016 425
238169080024 424
169097080016 424
097255080016 424
004142128016 423
217246080024 423
215099128016 423
022201080016 423
024197128016 422
043211128016 422
191220128016 421
145233080016 421
218160128016 420
217233128016 420
220147080016 420
052117128016 419
101229128016 419
144032128016 419
000000128082 418
019066128016 417
108082128016 417
021042080016 417
023035128016 417
007200128016 417
207246080016 417
110036080016 417
167166128016 416
109125080016 416
042053080016 416
056038080016 415
010197128016 415
156149128016 415
225058080016 414
018047080024 413
034119128016 413
034056128016 412
187218080016 412
058237128016 412
022163128016 412
103125080016 411
237013128016 411
113251128024 411
003052080016 411
241046128016 411
025226080016 411
157105080016 410
137056128016 410
003184080016 409
134089128016 409
216012080016 408
236142128016 408
009102128016 407
237065080016 407
016136080016 407
134000080016 407
229113128024 407
047218080016 406
205209080016 406
140054080016 406
121092128016 405
061171080016 405
147007080016 405
034010080016 404
181035128016 404
063186128016 404
101158080016 404
196150128016 404
077158080016 403
063074080016 403
131205080016 402
119195080016 401
204074080016 401
103129080016 401
238214128016 401
043066080016 401
094026128016 401
163118080016 401
034100128016 400
083036128016 400
062213080016 400
222014080016 399
176046128024 399
181061080016 399
021197128016 398
093205080016 398
194144128016 398
109116128024 397
206136128016 396
114218080016 396
005142080016 395
118194080016 394
142213080016 394
228057128016 394
239194080016 394
079221128016 394
174208080016 394
170005080016 393
094244128016 393
223162080016 393
223037128024 393
188132128016 393
188093128016 393
232142128016 393
170116128016 392
069080128016 392
177091128016 391
029129128016 391
003152128016 391
075130128016 391
207180128024 391
054094128016 391
105022128024 390
099052080016 390
108147080016 390
043227128016 390
162095128024 390
221178128016 389
139050080016 389
206175128016 389
157049128016 389
062017080016 388
011233128016 388
220051128024 388
147026128016 388
080049128016 388
111046128016 387
235229128016 387
215185080016 387
225037080016 387
130078128016 387
174156080016 387
081232128024 386
055010080016 386
125214080016 386
249058128024 385
125057128016 385
178208080016 384
166145128016 384
241227128016 383
057029080016 383
165027128016 383
255048128016 383
187230128016 383
205196080016 383
165001128016 382
080007128016 382
192249128016 382
167150080016 382
053060080016 381
204191128016 381
075255128016 381
066252128016 381
194120128016 380
101001080016 380
174145128016 380
054009080016 379
237029080024 379
149091128016 379
036211128016 379
033066080016 379
042210080016 378
043191128016 378
192125128016 378
022131128024 378
042048080016 377
222137128016 377
041247080016 376
027144128016 376
222159128016 376
013190128016 376
022195128024 376
016163080024 375
106157080024 375
138149080016 375
137237080016 375
180093128016 375
081245080016 375
015062080016 375
013211080024 375
194143080016 374
086155128016 374
251186128016 374
169045128016 374
091114080016 374
044131080016 373
157135128016 373
065026128016 373
152080128016 373
055237080016 372
240160128016 372
239198080016 371
111130128016 371
030197128016 371
178242080016 371
218243128016 371
231020128016 371
248164128016 370
194179128024 369
157105128024 369
073008128024 369
049164080024 369
161157128024 368
117163128016 368
255067128016 367
045141080016 367
134077080016 367
228010080016 367
080146080016 367
170226080016 366
031197128016 366
236004080016 366
005220128016 366
149194128016 365
121212080016 365
005194128016 365
180094128016 365
044227128016 365
175234080016 365
135080128016 365
175163080016 365
103251128016 364
183222080016 364
075064128016 364
070166128016 364
009110128016 363
017086128016 363
167198128016 363
108125080016 363
230255128024 362
245114128016 362
061255128016 362
176151080016 362
061150128016 361
021049128016 361
233133080016 361
103219080016 361
217020128016 361
073067080016 361
134179128016 361
168039080016 360
047074128016 360
080217128016 360
213242080016 360
015073128024 360
219176080016 360
000005080016 360
057185128016 359
008078128016 359
184137080016 359
236086128016 359
101101128016 359
106128080016 359
001007080016 358
153086080016 358
086213128016 358
062136128016 357
060215080016 357
050173128016 356
206211128016 356
096100128016 354
029244080016 354
128031128016 354
048213128016 353
125071128016 353
087113128016 352
075185080016 352
202003128016 352
167248080016 352
154012128016 352
135184080016 351
235141080016 351
111190080016 351
110221128024 351
024225080016 350
123213080016 350
153228080016 350
109156080016 350
086069080016 349
032004080016 349
120061128016 349
102150080016 349
014048080016 348
206019080016 348
142239080016 346
204202080016 346
093237128016 346
116150080016 345
114063080016 345
167229080016 345
117055080016 345
197075128016 345
015041128016 345
187196128016 344
193030080016 344
084124080016 344
154206080016 343
037164128016 343
024167080016 342
019028128024 342
020002128016 342
130074128016 342
100020080016 342
245003080016 342
126004128016 342
112092080016 342
050064080016 342
123168128016 342
103041128016 341
021080080016 341
126047080016 341
236181080016 341
124108128024 341
235219080016 341
212071080016 340
251206080016 340
123053080016 340
076250128016 339
250159080016 339
177041128016 339
167232080016 339
211217128016 339
213013128016 338
014095080016 338
148015128016 338
180152080024 338
010102128016 338
183203080016 337
172247080016 336
140170080016 335
153221128016 334
096229080016 334
047029128024 334
219213080016 334
177196128016 333
253163128016 333
029177128016 333
054195128016 332
231209080016 331
085134128016 330
218109128016 330
181184080016 329
203123128016 329
077219128016 328
107071128024 328
013185128016 327
162012080016 327
028213080024 326
251164080016 326
139178128016 325
214197080016 324
049095080016 323
120002080016 323
192173080016 323
226199080016 323
233055080016 323
136102080016 323
000121128016 323
234015128024 323
045155128016 323
098146128016 322
253168128016 322
162005128016 322
045100128024 322
009200080016 322
172108080016 322
069105128016 322
062004080016 321
064024080016 320
251147128016 319
114078080016 319
177135128016 319
103185080016 319
075163128016 319
146189128016 319
066192128016 319
075177128016 319
175218080016 319
225068128016 319
203004080024 319
059223080016 319
164180080016 317
161125128016 316
065098128016 316
132177080016 316
180110128024 316
016214080016 316
131049080024 316
010026128016 316
188254080016 316
092009128016 316
226123080016 316
035241128024 311
230224080016 311
228066080016 311
096197080016 311
107242128016 311
139227080016 310
199053080016 309
156108128016 308
218248080016 307
002003080016 306
098178080016 305
018066080016 305
239021128016 303
167048080016 303
113101080016 303
239153128024 303
126089080016 302
153094128016 302
162213080016 302
122049080016 302
036215080024 302
201131128016 302
252252080016 302
174140128016 302
195152128016 302
083223080016 302
013120128016 302
080222128016 302
065101128016 302
067179128016 301
012011128016 301
235051128024 300
196005128016 300
215055128016 299
134146128016 299
127076128016 299
065140128016 299
182050128016 299
006223128016 299
225180080016 299
080010128016 299
150127128016 297
099002080016 296
203012128024 296
132191128016 296
226228128024 296
171022080016 296
128096128016 296
216045128016 296
145227128016 296
101076080016 296
090200080016 295
127092080016 295
255170128016 295
053161080016 294
037024080016 293
029071080016 293
095168128016 292
000000240016 292
069103080016 292
055016128016 291
016159080016 291
012059128024 291
196165128016 291
135138128016 291
029031128016 291
132068080016 291
000000080017 290
105137128016 290
011009128016 290
187022080016 289
068088080016 288
037179128016 287
103087128016 287
241021080016 286
240011128016 286
023251080024 286
073251080016 286
222134080016 286
176073128024 286
154009080016 286
026241080016 286
087172128016 285
226098080016 285
198069128024 285
078068128024 285
195018128016 285
097141128016 285
207110080016 285
104151128016 285
222035128016 285
052219128016 285
205127080016 284
245194128016 283
135203080016 283
128083128016 283
108020128016 282
121051128016 282
213200128016 282
216205128016 282
006166128016 282
041079080016 282
166179080024 282
163189128016 282
007088080016 282
236206080016 282
178252128016 282
243255128016 282
145134080016 282
226139128016 282
146249128016 281
237051128016 279
189073128024 279
144136080024 279
138064128016 279
225240128016 279
071061128016 279
157034080016 279
039145080016 279
059009080016 279
217156080016 278
063175080016 277
060097128016 275
042060080016 275
050149128016 274
246227128016 274
152062128024 274
195006128016 274
173123128016 274
176171080016 274
102183128016 274
195047128016 274
201255080016 273
069239080016 271
185214080016 271
218067080016 271
033118080016 271
088120080024 271
238227080024 271
244215080024 271
167151080024 271
046199080016 271
000000128018 271
165097128024 270
237107128016 270
163009128024 270
043209080016 270
025167080016 270
065094080016 270
155192128024 270
120161128016 270
158098080016 270
071049080016 270
034097080024 270
186118080016 270
178000128016 268
226115080016 267
030006128016 267
007032128016 267
113107128016 267
047001128016 267
054092080016 267
028066128016 267
194026128016 267
207078128016 267
032237128016 267
056120080016 267
017194128016 267
115179128016 267
030054128016 267
169128080016 266
022217128016 264
037168128024 264
186166128016 264
083132128016 264
144169128016 264
112153128024 264
249199128016 264
051238080016 264
226189128016 264
222244128016 264
188053128016 264
237152128016 264
003056080016 263
226094080016 262
166113080016 260
067192128016 260
036132080016 260
089081128016 260
019247128016 259
098108128016 259
137160128016 259
069067080016 259
192187128016 259
114069128016 259
197165080016 259
094016080016 258
072163128016 258
187022080024 258
255253080016 257
246069128016 257
016149080016 257
210163080016 257
167070128016 257
016112128016 257
117097128016 257
249167080016 257
253155128016 257
108046080016 257
108006080016 257
035160128016 256
250171080016 256
102099080016 256
218091080016 254
114035128016 254
086180128016 254
180073128016 254
029241128024 254
177078128016 254
034025128016 254
138100128016 254
210123080024 254
215204128016 254
059069128016 254
252134128016 254
186177128016 252
050165128016 251
107105128016 251
237142128016 251
174002128016 251
221193080016 251
127175080016 251
233025080016 251
227093128016 251
020046128016 251
174117080024 251
218043128016 251
113010128016 250
016120128016 249
069222080016 249
180035128016 249
081201080016 249
231251080016 247
252213128024 246
070204128016 246
065043080016 246
237121128016 246
126029080016 246
082141080016 245
022045080024 245
132226080016 245
151212128024 245
205062080016 244
226073080016 244
002086080016 244
181240080016 244
118103080024 244
020151128016 244
014010128024 244
003056080024 243
156210128016 243
046165128016 243
187217080024 243
004009080016 242
042082128016 241
012190128016 241
019166080016 241
155252128016 241
059150080016 241
082177080016 241
102157128024 241
196219128016 241
042046080016 241
086175080016 238
040068080016 238
155071128016 238
178060128016 238
213072080016 238
132189128016 238
063252128016 238
105237128016 238
050072128016 238
255143128016 238
133250128024 238
165194080016 237
095076128016 237
067119080016 236
188131080016 236
165025128016 236
170084080016 235
117229128016 234
229216128016 234
107151080024 234
202113128016 233
029171080016 233
079083128016 233
163184080016 233
232236080024 233
050219128016 233
124205080016 233
130241080016 233
127023128016 233
080210080016 233
082197080016 233
142222128016 233
159242080016 233
061207128016 233
029185128016 233
022165128024 233
176073128016 233
124153128016 233
246222128024 233
234077080016 233
012089080016 232
084094128016 230
045088128016 230
220015128024 230
062251128016 230
029158080016 230
170117128016 230
185101128016 230
018049128016 230
203210128016 230
093244128016 230
046146080016 229
121039128016 229
013156080016 227
142117080016 227
072243080016 227
230044128016 227
039015128016 227
080209080016 227
005029128016 227
115038128024 227
176172128024 227
099112128016 227
166035080016 226
154012080016 225
149165080024 224
255149080016 224
121191080016 224
118251080016 224
234142080016 224
235207080016 223
137038080016 223
166183128024 223
199025080016 223
001075128016 223
063189128016 223
227008080016 223
213036128016 223
218119080016 223
029096080016 222
017100128016 221
163057128016 220
014054080016 220
018006128016 220
175093080016 220
238049128016 220
001083128016 220
002177080016 220
083165128016 220
066248128016 220
166141128016 219
066181128016 217
203116080016 217
048231080016 217
028037128016 217
093167080016 217
024054128016 217
138117128024 217
219109128016 217
179218128016 217
119043080016 216
160246128016 215
099094128024 215
009112080016 215
062081128016 215
125135128016 215
072020128016 215
112206128016 215
092210080016 215
249084080016 214
110228080016 214
167150080024 214
227249128016 214
235141080024 214
142248080016 212
036076128016 212
072082080016 212
015095080016 212
000000000000 212
210229080016 212
163103128024 211
041202080016 211
048116128016 211
085096128016 211
046199128016 211
144190128016 211
000000112002 211
049207080016 211
180016128016 211
124044128016 211
155125128016 211
007123128016 211
066239128016 210
041252128016 210
205175080016 210
231047080024 208
243100128016 208
055231128016 208
047071080016 208
209249080016 208
117095080016 207
243231080016 206
020225128016 206
144136080016 206
068068080016 206
012104080016 206
123165080024 206
016142080016 206
200221080016 206
007137080016 206
116190080024 206
184111080016 206
200019128024 206
226165080016 205
131147128016 204
139097080016 204
208016080016 204
150000128016 203
138101128024 203
158226128024 203
109208128016 202
086167080016 202
095187128016 202
026119128016 202
157141128016 202
149180128016 202
003169080016 202
190050128016 202
221247128024 202
128045128016 202
096112128016 202
071063128016 202
032131080016 201
157224128016 199
205111128016 199
047219128016 199
183026080024 199
176211128016 199
080008080016 199
069205128024 199
014208080016 199
249056128016 198
182196128016 198
051212128016 197
035176080024 197
047108080016 197
150030080016 197
060158080024 197
229048128016 197
071248128016 197
123202080016 197
174187128016 196
038077128024 196
000000096018 196
147084128016 196
016247128016 196
093062080016 196
049083128016 196
248013080016 196
043036080016 196
093110080016 196
150169080016 194
063165128016 194
190128128016 194
118041128016 194
227220128016 194
226015080016 193
252227128016 193
102214128016 193
137143128016 193
171231128016 193
074139128024 193
218204080016 193
027080128016 193
218218080016 193
084091128024 193
136013128016 193
186103080016 192
034118128024 190
164058128016 190
122078080024 190
230077080016 190
091124080016 190
096074080016 190
049147080024 190
226223080024 190
136062080024 190
118088128024 190
192111128016 190
159216080016 190
172165128016 190
076195128016 190
232155080016 189
132169080016 189
033086080016 189
166013080016 189
223046080016 189
028213080016 188
001132128016 188
202043080016 188
115030080024 187
129218128016 187
227210128016 187
244022128024 187
097248080016 186
003192128016 186
222206080016 186
236147128024 186
081250080016 186
205140128016 186
239189128016 185
095098128024 185
030141128016 185
215169128016 185
160021080024 185
072012128016 185
063013080016 184
200026080016 183
078048128016 183
195229128024 183
167095128016 183
133242128016 183
129236128024 183
036193128016 183
236113128016 182
098009080016 182
223086128016 182
037031128024 181
082230128016 181
116083080016 181
181109080016 181
246144080016 181
153064080016 181
079178080016 181
027133128016 181
254109080016 181
082224080016 181
091138080016 181
244136080016 181
062244128016 179
128173080024 179
012057128024 178
035057128024 178
039122080016 178
246144128016 178
150003128016 178
207016128016 178
013079128016 178
205097128016 178
006088128016 178
128022128016 178
030173128016 178
169060080016 177
121225080016 177
040089080016 176
131129080016 176
042009128016 176
026173128016 176
192124128016 175
246091080016 175
095216128024 175
130149128016 175
125188128024 175
249120128016 175
169248128016 175
064146128024 175
025172080024 175
223206128016 175
014187128016 175
036121080016 175
246246080024 175
021133080016 174
057171128016 174
220254128024 174
148126128024 174
130094128016 174
019007080016 174
009098128016 174
138078080016 174
213084080016 174
170214080016 174
085238128016 173
155152128016 172
005226080016 171
047213128016 171
043193080016 171
016109128016 171
000246128016 171
182203080016 171
239001128016 170
128081080016 170
012132128016 170
028031080016 170
147140128016 170
130215128016 170
106006128016 170
137213128016 170
033213128016 170
228228128024 169
215246080016 169
032156128016 169
237006080024 169
130200128024 169
156059128016 168
184110080016 168
137149128024 168
083107128016 168
033210080016 168
188085128016 168
166251128016 168
069103080024 168
108176080016 167
247199080016 166
093120128024 165
251004128016 165
052061080024 165
094082128016 165
059029128016 164
075094128016 164
018152128016 163
052172128016 163
027027128016 163
093001128016 163
135163128016 163
085138080024 163
182000080016 163
047152080016 163
122211128016 163
165011128024 163
164102128016 163
019128128016 162
171063128016 162
166061128016 162
062175080016 162
146022128016 162
031039128016 162
054115080016 162
173083080016 162
241113128016 161
191076080024 160
050140128024 159
237115128016 159
051156080016 159
124056080016 159
120162128016 159
114108128016 159
177060128016 159
022241128016 159
092093128016 159
230072080016 159
234023128016 159
237033128016 159
073204128016 159
234167128016 158
199144128016 158
090064128016 157
122173080016 157
007199080024 157
168211080016 157
226159080024 156
127175080024 156
149103080016 156
172110080016 156
000122128016 156
082137080016 156
110161128016 156
137142128016 156
237239128016 155
140239128016 155
026026080016 155
105144128016 154
237241080016 154
060111080016 153
023252128016 153
134042128016 153
119138080024 153
086159128016 153
182094128016 153
226028080016 153
218224080016 151
200171128016 151
175115080016 151
236038128016 151
156189080016 151
123183128016 151
200004080016 151
170077128016 151
133241128024 150
240170128016 150
144059080016 150
045194128016 150
061058080016 150
146242128016 150
216064128016 150
117254080016 150
217168080016 150
177199128024 149
251098128024 148
156078080016 147
086108080016 147
177166080024 147
014101080016 147
226214080016 147
179208080016 147
174000128024 147
226242128016 147
041033128016 147
033155080016 147
135203080024 147
115013080016 146
199084080016 146
065144080024 146
239182128024 146
079240080024 146
017180080016 146
043091128016 145
070169080016 145
086107128016 145
127080128016 145
102059128016 145
172095128016 145
209173080016 145
119011128016 145
059192080016 144
154174128016 144
240109128016 144
045071128016 144
174027128016 143
081234128016 142
036015080016 142
226121128016 142
254093080016 142
118100128016 142
187209128016 142
028227128016 142
171047080016 142
086225080016 142
067167080016 141
064229080016 140
172166128016 140
131098080016 140
022046128016 140
146046080016 139
014254128024 139
212072128016 139
050136128016 139
203252128024 139
246041080016 139
108139128024 139
056246080016 139
112072128024 139
013155080024 139
058051080016 138
107195080016 138
053165128016 137
164189080016 136
004019080016 136
155166128016 136
180119128016 136
144137080016 136
177165080024 136
126164080016 136
125136080016 135
000000080020 135
013063128016 135
050232128024 134
171023128016 134
111161128016 134
199045128024 134
144242080016 134
088117080016 134
032204128016 134
082211128016 134
020026080016 134
043156128016 133
136146080016 133
216142128016 133
062014128016 133
213144128016 133
236169128016 133
195184128016 133
031152080016 133
203221128024 133
068177080016 133
144066080016 133
019149080016 133
132201080016 132
030040128016 132
131217128016 131
147081080016 131
241151128016 131
198083128024 131
049141128016 131
030065080016 131
087157080016 131
154088128016 130
215212080016 130
106045080016 129
205163128016 129
214212080016 129
032221128016 129
015103080016 129
173044128016 129
074230128024 129
084146128024 129
074139080016 129
033207080016 129
143161128016 129
120214128016 129
005234080016 129
163255128016 128
222121128024 128
015202128024 128
128163128024 128
122227128016 128
217006128016 128
232197128016 128
144070080016 128
172230080016 128
006236080016 128
240229128016 128
011189128016 128
020162128016 127
144032128024 126
022061128016 126
104203128016 126
015104080016 126
145180080016 126
194142128016 126
154080128024 126
015212128016 126
124158128016 126
023037128016 125
061194080024 125
196066128016 125
209030080016 125
198001128016 124
229140128024 123
012137128016 123
115190080024 123
193185128016 123
077048080016 123
047068080016 123
006017128016 123
225206128016 123
181080128016 122
092120128016 122
094042128016 122
023203080016 122
203059128024 122
254008080016 122
136113080016 121
216184080016 120
002182128024 120
027202080016 120
121236128016 120
140079128016 120
146098128024 120
161240128016 120
115000128024 119
050056128016 119
102226128016 119
165134080016 119
047029080024 118
167126128016 118
175078128016 118
050034128016 118
186145080016 117
132210080016 117
202238128016 117
090228128024 117
250179080016 117
180152080016 116
004237080016 116
236043128016 116
213191128016 116
103244128016 116
054078080016 116
242134128016 115
042089080016 115
080083128016 115
121008128016 114
146172128016 114
002242080016 114
104200128016 114
010191128016 114
150000128024 114
191060080016 114
210254128016 114
067225128016 113
008135080016 113
068183128016 113
198119128024 113
204140128017 113
168050080016 113
206125128016 113
254047080016 113
104048080016 113
021159128016 113
000000080004 113
161221128024 112
200076128016 112
168073128024 112
143017080016 112
167035080016 110
067110080016 110
066066128016 110
199058128016 110
146166080024 110
174033128016 109
149041128016 109
057194128016 109
091210128016 109
094017128016 109
236056080016 109
239171080016 108
076248080016 108
047199128016 108
140194128024 108
243024080016 108
007215128016 108
151217080016 108
060216128024 108
063059128016 107
008135080024 107
128255128016 106
241042128016 106
179203080016 106
244196080024 106
224175080016 106
193126128016 106
169010128016 106
238139128016 105
187167128016 105
178111080016 105
230046128016 105
177058080016 105
003089128016 105
056241128016 105
057044128016 105
028161128016 105
130126128016 105
053173080016 104
092124080024 104
074060080016 104
222138080016 104
118132080024 104
129180080016 103
149019080016 103
009254128016 103
001022128016 102
117060080024 102
061009080016 102
000000112018 102
056102128016 101
000000160016 101
209230128024 101
160249080016 101
108055128016 101
137239128016 101
015021080016 101
028161080016 101
241056080016 101
216086080016 100
229231128016 100