175050080016 12093
000000080002 9643
002246128016 9258
122110128016 9161
103214128016 8988
094117128016 8632
050232128016 7829
160038080016 7812
188139128016 7374
144176080016 6546
144149128016 6284
201240128016 6124
065250128016 5868
002174128016 5723
000000080004 5538
242084128016 5462
000000080024 5311
213043080016 5227
199136128016 4989
100216128016 4951
148210128016 4868
124254128016 4828
102215128016 4823
185188128016 4777
188229128016 4632
147045128016 4607
166132128016 4604
130227128016 4527
159170128016 4373
045140128016 4295
036150128016 4289
173064128016 3969
115038128016 3941
030096128016 3923
239160080016 3902
090036128016 3854
096034080016 3791
209196128016 3754
052030128016 3669
056218128016 3556
035241128016 3484
148085128016 3395
144150128016 3344
203186080016 3284
151244128016 3209
203015128016 3206
054179128016 3189
136155128016 3177
056143128016 3064
237198080016 3017
040195080016 2998
063199128016 2938
170232128016 2928
073223128016 2915
059243128016 2870
013161128016 2862
163002128016 2842
062011080016 2836
062068128016 2803
133104128016 2796
145189128016 2778
214048128016 2762
204087128016 2693
178199128016 2678
027076128016 2671
116223128016 2641
102072128016 2614
054043080016 2557
009016128016 2551
068131128016 2536
115077128016 2518
079121128016 2501
191069080016 2493
014186128016 2490
067028080016 2481
076094128016 2441
158133128016 2418
127188128016 2381
000000128024 2377
016134128016 2369
201045080016 2361
011007128016 2359
175067128016 2354
113220080016 2347
251181080016 2339
075188080016 2337
003196128016 2336
243155128016 2310
053068128016 2306
233119080016 2298
152206128016 2290
016165128016 2252
137042128016 2248
041046128016 2244
118236080016 2236
112153128016 2232
174055128016 2225
025250080016 2223
162230128016 2207
050094128016 2199
117167128016 2169
068097080016 2169
231198080016 2134
136053128016 2110
035112128016 2104
212097080016 2087
074139128016 2051
138157080016 2050
089066128016 2047
173088080016 2046
179116080016 2045
178178080016 2035
045163128016 2029
065054080016 2022
168209080016 2021
082180128016 2019
124209080016 2009
156218128016 2009
025172128016 2006
066215128016 2002
224159128016 2000
051119080016 1993
079076128016 1986
160117128016 1979
196002128016 1975
219041128016 1974
038216080016 1958
069164128016 1949
029022080016 1943
207000128016 1933
224053128016 1933
010031080016 1932
020042080016 1925
167065128016 1914
207186128016 1914
037031128016 1914
013231128016 1901
062041080016 1895
106110080016 1889
013143128016 1873
235200080016 1865
138036080016 1862
161215128016 1858
219232128016 1857
222238128016 1854
065169080016 1850
050061080016 1848
205118128016 1847
119085080016 1837
107033128016 1836
046156080016 1832
009024128016 1818
116015128016 1814
006231128016 1809
030230128016 1808
212033128016 1799
237084080016 1794
200177080016 1792
110216128016 1785
069223080016 1783
224153080016 1780
029052128016 1776
115184128016 1774
131224128016 1767
163225128016 1760
176009080016 1756
111151128016 1753
198174128016 1749
099239128016 1747
120148128016 1745
200039128016 1744
185138128016 1741
026120080016 1737
210002128016 1733
097173080016 1732
064147128016 1727
061238128016 1721
148126128016 1718
201176128016 1715
024119080016 1714
250081128016 1714
074104128016 1710
235035128016 1708
128248128016 1707
054175080016 1702
047229128016 1684
245109128016 1684
227216128016 1684
161070128016 1677
135231080016 1673
185132080016 1669
122242128016 1669
009111080016 1661
176188128016 1658
053057080016 1655
050090128016 1644
015053128016 1639
038067128016 1638
145054128016 1634
125126128016 1628
148225128016 1627
134134128016 1626
092225080016 1623
146158128016 1623
069060128016 1622
102157128016 1621
150059128016 1614
000000160018 1613
026162080016 1613
054155128016 1611
193036128016 1610
158032128016 1609
216040128016 1603
012245080016 1603
252162128016 1597
033036128016 1596
213062128016 1592
132092128016 1590
003028128016 1590
196223128016 1589
105215128016 1589
076221128016 1582
204161128016 1577
042163128016 1574
074107128016 1569
000091128016 1565
170154128016 1560
123226128016 1556
068132128016 1555
077162128016 1552
241104128016 1549
115242128016 1549
082186128016 1544
081046128016 1542
154105128016 1542
179095128016 1541
204040128016 1540
113126128016 1540
141213128016 1535
045024128016 1533
195176080024 1530
037059128016 1529
002043080016 1526
181125128016 1524
043191128016 1524
219014128016 1523
235241128016 1523
161249128016 1517
186030128016 1517
243128128016 1515
164206128016 1513
033140128016 1512
164003128016 1512
037055080016 1511
001187080016 1511
132097128016 1510
162052128016 1510
221023128016 1510
098007128016 1507
142126080016 1503
026151128016 1500
051096080016 1495
153213128016 1493
077190128016 1493
210117128016 1492
011129128016 1492
137087128016 1489
116062128016 1487
079021128016 1486
160081128016 1485
053055128016 1483
152135128016 1474
086176128016 1471
049226128016 1471
080085128016 1470
106241128016 1470
094169128016 1469
181036128016 1469
227241128016 1469
047083128016 1467
251167128016 1464
128083128016 1462
235160128016 1462
058132128016 1460
101113128016 1460
238199128016 1458
182000128016 1458
169162128016 1458
183234080016 1457
000000128017 1457
179025128016 1456
017156128016 1456
131130128016 1453
059210128016 1450
048074128016 1447
197054128016 1446
139118128016 1446
011171128016 1444
026036080016 1443
137229128016 1441
193177128016 1441
031015128016 1437
224010128016 1436
034174128016 1436
044142128016 1434
174021080016 1433
250069128016 1432
021176128016 1431
070011128016 1431
213250128016 1431
164091128016 1431
107108128016 1430
237117128016 1430
024152128016 1429
162094080016 1429
054146128016 1429
135082128016 1427
161177128016 1425
099126080016 1418
186089128016 1418
000186128016 1417
236140080016 1417
141018128016 1414
177200128016 1412
120145128016 1411
247094128016 1405
182178128016 1404
005185128016 1403
166057128016 1403
155076128016 1402
070150128016 1402
004163128016 1401
014016128016 1400
108160128016 1399
099063128016 1399
233197128016 1398
046179128016 1398
059254128016 1397
178237128016 1395
060133128016 1395
145094128016 1395
070244128016 1395
114188128016 1394
204049128016 1394
109210128016 1391
013245080016 1391
146161128016 1391
152045128016 1388
040234128016 1387
102162128016 1386
159059128016 1382
079239128016 1382
109019128016 1382
064024128016 1382
127168128016 1381
148159128016 1380
000000128002 1380
164007128016 1378
175083128016 1377
085029080016 1376
133168080016 1375
056198128016 1375
033064128016 1374
057069128016 1369
094150128016 1367
145136128016 1365
008251128016 1365
144044128016 1364
134244128016 1363
145004128016 1361
069225128016 1360
104124128016 1358
087241128016 1358
038221128016 1356
071244128016 1350
250222128016 1350
032091128016 1348
198205128016 1348
241127128016 1346
116066128016 1344
021244128016 1341
111191128016 1340
140161128016 1340
149087128016 1336
129091128016 1336
007028128016 1332
206045128016 1332
089233080016 1331
054053128016 1330
032056128016 1330
026161128016 1330
167191128016 1329
078051080016 1328
082090128016 1328
099090128016 1325
006150128016 1324
079087080016 1322
134133128016 1322
249023128016 1321
213087128016 1320
044153128016 1317
067042128016 1317
020184128016 1316
077226080016 1312
053017128016 1312
119100128016 1311
103236128016 1311
129111128016 1311
175099128016 1309
159193128016 1309
235086128016 1308
253061128016 1307
190086128016 1306
066052128016 1306
051120128016 1305
249063128016 1305
138110128016 1304
029032128016 1303
046212128016 1302
023141128016 1300
065011128016 1298
027120128016 1297
106111128016 1297
141199128016 1296
078183128016 1296
143082128016 1295
253064128016 1295
076197128016 1293
061058128016 1293
139034128016 1292
090200080016 1292
135028128016 1291
036216128016 1291
087134128016 1291
129223128016 1290
029012128016 1289
171171080016 1289
247217128016 1286
018205128016 1284
147166128016 1284
176030080016 1282
156122128016 1282
208214080024 1281
114127128016 1280
047121080016 1279
053069128016 1279
205127080016 1279
017062128016 1276
149176128016 1275
080213128016 1273
221247128016 1271
158001128016 1271
054204128016 1269
169217128016 1268
079193128016 1266
097050128016 1266
163213128016 1265
104233128016 1265
173061128016 1262
156230128016 1261
101051128016 1261
044233128016 1260
216073128016 1260
073026128016 1259
086057128016 1258
214066128016 1256
099080128016 1255
105148080016 1255
080104128016 1255
129008080024 1255
009220128016 1254
144091128016 1254
054014128016 1253
140221128016 1252
043100128016 1252
020234128016 1252
213196128016 1251
096204080016 1250
222029128016 1249
018104080016 1249
034208128016 1248
139081128016 1247
132123128016 1247
108162128016 1247
107206128016 1246
219002128016 1245
050146128016 1245
129130128016 1241
042061080016 1241
010032128016 1241
082249128016 1239
245002128016 1239
065039128016 1238
068252128016 1236
171221128016 1233
173000128016 1232
133142128016 1232
112114128016 1230
209233128016 1229
121159128016 1228
031133128016 1227
156003128016 1227
118056128016 1225
063080128016 1223
175171128016 1222
121207128016 1220
012114128016 1220
231141128016 1219
101229128016 1219
254174128016 1218
239153128016 1218
187037128016 1217
210222128016 1216
135235128016 1213
048251128016 1213
024228080016 1212
158081128016 1211
226187128016 1211
250000128016 1208
041009128016 1207
188083080016 1207
094163128016 1205
050114128016 1205
158152128016 1205
198044128016 1205
160218128016 1204
079241128016 1203
089121128016 1202
023176128016 1202
206139128016 1200
039059128016 1194
126131128016 1194
131055128016 1193
113104128016 1192
057100128016 1191
232148128016 1189
207159128016 1188
126135128016 1187
228091080016 1186
126209128016 1186
241002080016 1185
239038128016 1185
121124128016 1185
172024128016 1183
094008128016 1183
139122128016 1183
112053080016 1182
104010128016 1181
002187128016 1181
112242128016 1181
176104128016 1181
040165128016 1179
127133128016 1179
042160128016 1179
143249128016 1179
056064128016 1178
028106128016 1178
234083128016 1178
037222128016 1177
019014080016 1175
115249128016 1175
196094080016 1174
192166128016 1174
027134128016 1173
136065128016 1173
245025128016 1172
134056128016 1170
003044128016 1170
089220128016 1170
165238128016 1169
041098128016 1169
251065128016 1169
126141128016 1169
141216128016 1168
172087128016 1168
000004128016 1167
085034128016 1166
148234128016 1164
023204128016 1162
115219080016 1162
250111128016 1160
047052080016 1160
162180128016 1159
065205128016 1159
220036128016 1158
181081128016 1158
052012128016 1157
232082128016 1155
095117128016 1154
015004128016 1150
064135128016 1149
237048128016 1149
039187128016 1148
053150080016 1145
064190128016 1145
054168128016 1144
061128128016 1142
101002128016 1141
000095128016 1140
145203128016 1139
108196128016 1138
142160128016 1136
224060080016 1136
128076128016 1134
043132128016 1133
107151080016 1133
168039080016 1132
141107128016 1130
120018128016 1130
045087128016 1130
168107128016 1129
062158128016 1128
143222128016 1126
092032128016 1125
121117128016 1124
192055128016 1121
156217128016 1121
023044128016 1120
002027128016 1119
155176128016 1118
219017128016 1118
168166128016 1116
057169128016 1115
127178128016 1115
179055080016 1112
201232128016 1112
214174080016 1111
072240128016 1111
144249128016 1111
136163128016 1110
118112128016 1110
237233128016 1108
160121128016 1106
186229128016 1102
133107128016 1101
088174128016 1101
151118128016 1100
073004128016 1100
138135128016 1099
165021128016 1096
143176128016 1095
144187080016 1094
152242128016 1094
118253128016 1093
148162128016 1091
056015128016 1091
075090128016 1091
103178080016 1091
136130128016 1090
112138128016 1090
196026080016 1088
094078128016 1085
027032080016 1085
200056128016 1084
019170128016 1084
157067128016 1084
070190128016 1084
251117080016 1084
172061128016 1082
157208080016 1082
187090128016 1081
140089128016 1080
132179128016 1077
065084128016 1074
175125128016 1073
247084128016 1071
065199128016 1071
075174128016 1069
080006128016 1068
016196128016 1068
201219128016 1068
064042128016 1068
132068080016 1062
009010128016 1062
073093128016 1062
233031080016 1062
128177128016 1061
023106080016 1061
023035128016 1061
234021128016 1060
090076128016 1057
250238080016 1057
062234080024 1056
208061080024 1055
223208128016 1055
127064128016 1054
118148128016 1054
214111128016 1054
123094128016 1054
244134128016 1052
083182080016 1051
039008128016 1051
125095128016 1050
037205128016 1049
014218128016 1048
120024128016 1048
144109128016 1047
151017128016 1047
157046128016 1047
067232128016 1043
015115128016 1043
095052080016 1040
029126128016 1039
036207080016 1039
151070128016 1038
237016128016 1037
027203128016 1036
246026128016 1035
184041128016 1034
144062128016 1033
134002080016 1031
178037128016 1030
042152128016 1030
124204128016 1030
169169128016 1030
001240080016 1027
185006128016 1026
213025128016 1023
253205128016 1022
166222128016 1021
247073128016 1021
148108080016 1021
030144080016 1021
160255128016 1018
052243128016 1014
062197128016 1012
001134128016 1011
212027128016 1008
112217128016 1007
059053128016 1006
233073080016 1005
077167128016 1004
131091128016 1002