000000080002 13584
002246128016 12075
175050080016 10402
122110128016 9225
094117128016 8851
188139128016 8634
103214128016 7834
188229128016 6670
144149128016 6639
201240128016 6445
002174128016 6404
050232128016 6145
199136128016 6090
144176080016 5811
166132128016 5575
160038080016 5546
102215128016 5409
242084128016 5389
100216128016 5331
173064128016 5283
090036128016 5164
065250128016 5085
036150128016 4982
147045128016 4928
239160080016 4913
124254128016 4808
185188128016 4427
148210128016 4417
030096128016 4416
056218128016 4388
000000080024 4367
003196128016 4215
115077128016 4185
203186080016 4116
052030128016 4009
159170128016 3996
045140128016 3972
213043080016 3957
054179128016 3954
133104128016 3843
203015128016 3742
115038128016 3731
130227128016 3725
096034080016 3682
075188080016 3658
178199128016 3645
151244128016 3605
035241128016 3496
027076128016 3453
136155128016 3404
073223128016 3299
118236080016 3211
170232128016 3195
068131128016 3192
144150128016 3162
145189128016 3130
116223128016 3069
097173080016 3046
054043080016 3026
148085128016 3004
063199128016 2995
059243128016 2957
009016128016 2918
056143128016 2904
102072128016 2903
214048128016 2897
106111128016 2892
068097080016 2859
163002128016 2853
040195080016 2836
142126080016 2784
237198080016 2771
037059128016 2771
062068128016 2766
013161128016 2766
191069080016 2765
231198080016 2761
062011080016 2736
000000128002 2714
198103128016 2687
127188128016 2682
158133128016 2664
219041128016 2653
243155128016 2624
137042128016 2617
010031080016 2579
000000128024 2567
079121128016 2554
204087128016 2542
016165128016 2535
201045080016 2478
152206128016 2451
162230128016 2443
053068128016 2423
089066128016 2418
033036128016 2400
173088080016 2394
221247128016 2374
209196128016 2373
069164128016 2367
251181080016 2331
041046128016 2309
175067128016 2306
016134128016 2302
138036080016 2290
011007128016 2287
117167128016 2277
124209080016 2263
025250080016 2259
116015128016 2255
207000128016 2236
224159128016 2222
168209080016 2219
164003128016 2208
020184128016 2200
076094128016 2195
020042080016 2192
050061080016 2188
174055128016 2186
067028080016 2185
077162128016 2174
038216080016 2171
112153128016 2155
176188128016 2142
082180128016 2134
065169080016 2122
174021080016 2117
178178080016 2117
160117128016 2107
233119080016 2087
156218128016 2077
062041080016 2074
132097128016 2069
026120080016 2066
235200080016 2059
029022080016 2057
212097080016 2057
029052128016 2037
119100128016 2029
141199128016 2021
136053128016 2013
196002128016 2008
053057080016 1990
069223080016 1986
001187080016 1975
138157080016 1974
066215128016 1973
095210080016 1967
079076128016 1966
148126128016 1966
119085080016 1965
179116080016 1963
038067128016 1959
000000160002 1959
221023128016 1959
102157128016 1956
064147128016 1951
045163128016 1937
014186128016 1935
206045128016 1924
224053128016 1910
226152080016 1907
026162080016 1898
074139128016 1897
094078128016 1891
065054080016 1888
050094128016 1884
236140080016 1873
210117128016 1868
050090128016 1853
009111080016 1846
250081128016 1834
000091128016 1830
106110080016 1822
128248128016 1818
241012080016 1811
245025128016 1807
200177080016 1798
086176128016 1792
013231128016 1791
132123128016 1782
139118128016 1777
082090128016 1766
081046128016 1763
185138128016 1762
150059128016 1762
026036080016 1761
131130128016 1756
176009080016 1751
224153080016 1749
070235128016 1743
170154128016 1738
006231128016 1734
216040128016 1729
092225080016 1712
204049128016 1709
237084080016 1702
161177128016 1698
051119080016 1695
222238128016 1692
241002128016 1690
241104128016 1685
064024128016 1683
035250128016 1681
227216128016 1676
181125128016 1676
054155128016 1668
182000128016 1656
037031128016 1651
125126128016 1648
245109128016 1645
200039128016 1644
046179128016 1643
030230128016 1642
228091080016 1640
076221128016 1640
162052128016 1636
129111128016 1633
185132080016 1630
023204128016 1624
061238128016 1623
045087128016 1623
145136128016 1619
207186128016 1619
025172128016 1618
145054128016 1616
152135128016 1612
028106128016 1610
191170128016 1608
175083128016 1607
086057128016 1605
070011128016 1603
120018128016 1600
205118128016 1599
210002128016 1588
154105128016 1586
046156080016 1580
198174128016 1579
227241128016 1579
123226128016 1579
241127128016 1577
114127128016 1576
013245080016 1575
204040128016 1574
107201128016 1572
152095128016 1572
114238128016 1569
025166080016 1569
085029080016 1569
079193128016 1566
120145128016 1565
183234080016 1564
201176128016 1563
068132128016 1561
000000080004 1561
191130128016 1551
172087128016 1546
000004128016 1544
251167128016 1543
141018128016 1541
214066128016 1540
139034128016 1540
212033128016 1539
000000160018 1535
148225128016 1535
015053128016 1534
176030080016 1531
213062128016 1529
198205128016 1528
252162128016 1527
000186128016 1526
033140128016 1523
169162128016 1521
108160128016 1518
141216128016 1516
186229128016 1515
020234128016 1514
096204080016 1514
181036128016 1513
087134128016 1509
158032128016 1508
250069128016 1507
184216128024 1507
031015128016 1507
155076128016 1504
238199128016 1504
146161128016 1502
031133128016 1501
247073128016 1499
171171080016 1499
099063128016 1499
213087128016 1498
062197128016 1496
161215128016 1493
207159128016 1493
193177128016 1490
177200128016 1488
099126080016 1488
163213128016 1488
023044128016 1486
178237128016 1484
125095128016 1483
164007128016 1479
014016128016 1479
070080080016 1478
135231080016 1477
152045128016 1477
200143128016 1476
036216128016 1476
224010128016 1475
219002128016 1473
160081128016 1473
070150128016 1472
053069128016 1471
074104128016 1469
241002080016 1468
126131128016 1467
088174128016 1466
002043080016 1465
037222128016 1464
080085128016 1464
027134128016 1462
070244128016 1462
017062128016 1460
116062128016 1459
107108128016 1459
122242128016 1457
047083128016 1456
099090128016 1456
059254128016 1456
112114128016 1455
138110128016 1454
219232128016 1452
089233080016 1451
186030128016 1449
107033128016 1447
074107128016 1446
037055080016 1445
139081128016 1445
109019128016 1444
032091128016 1443
166057128016 1442
134133128016 1442
056198128016 1442
134056128016 1441
141213128016 1438
066052128016 1432
143176128016 1431
105215128016 1430
134049128016 1429
127133128016 1428
108196128016 1427
143082128016 1425
054175080016 1425
052012128016 1423
147166128016 1423
253061128016 1422
123094128016 1421
115184128016 1419
129091128016 1418
061058128016 1418
077190128016 1417
126141128016 1417
253064128016 1416
009220128016 1416
135082128016 1412
098007128016 1410
249063128016 1410
080082128016 1410
041098128016 1408
232022080016 1407
101051128016 1407
107099128016 1405
235241128016 1405
247217128016 1405
085034128016 1404
140221128016 1404
099239128016 1402
061224128016 1401
204161128016 1401
115219080016 1398
073026128016 1396
239038128016 1396
243128128016 1395
132092128016 1395
026151128016 1395
053017128016 1394
040234128016 1392
149176128016 1392
151017128016 1392
023176128016 1391
144187080016 1391
162094080016 1390
115242128016 1389
094163128016 1389
111230080024 1389
104233128016 1388
135235128016 1387
106241128016 1386
232082128016 1385
186225128016 1384
034174128016 1384
029032128016 1383
053150080016 1382
140161128016 1379
008175128016 1377
161070128016 1377
146158128016 1377
067042128016 1375
213250128016 1375
084204128016 1375
048074128016 1374
214174080016 1374
002118128016 1372
054053128016 1372
121207128016 1371
053055128016 1370
187206128016 1369
009024128016 1369
191020128016 1369
121159128016 1368
109210128016 1368
196012128016 1367
041009128016 1366
151118128016 1366
197054128016 1365
168107128016 1365
050140128016 1365
076197128016 1365
101113128016 1364
042163128016 1363
038221128016 1362
193036128016 1362
044153128016 1361
029126128016 1361
175099128016 1361
051120128016 1361
065205128016 1361
120148128016 1360
007028128016 1360
164206128016 1359
059053128016 1357
044233128016 1355
226187128016 1355
033064128016 1351
072240128016 1351
152242128016 1350
065199128016 1349
048251128016 1348
202035128016 1348
161249128016 1347
089121128016 1345
011129128016 1345
012114128016 1345
172061128016 1344
065039128016 1342
145094128016 1341
035112128016 1340
101229128016 1339
061128128016 1338
127168128016 1336
190086128016 1336
087224128016 1335
008251128016 1335
143249128016 1335
137087128016 1334
131055128016 1333
024152128016 1333
134134128016 1332
158152128016 1331
066118128016 1331
219017128016 1330
126135128016 1330
067086080024 1330
137175128016 1327
089220128016 1326
170240128016 1325
137229128016 1325
087241128016 1323
175125128016 1323
057069128016 1323
012245080016 1323
071244128016 1316
032056128016 1316
063202128016 1316
027120128016 1315
078183128016 1314
116066128016 1314
136163128016 1313
155176128016 1313
158001128016 1313
171221128016 1312
080104128016 1309
010032128016 1309
105044128016 1308
064190128016 1307
124096128016 1306
108162128016 1305
201219128016 1305
063080128016 1305
018205128016 1303
128076128016 1301
094008128016 1301
059210128016 1298
110216128016 1298
250222128016 1297
133142128016 1295
054168128016 1294
169217128016 1294
145203128016 1293
247094128016 1293
102162128016 1293
047082128016 1292
042160128016 1291
017156128016 1291
144044128016 1290
144109128016 1289
131224128016 1289
003028128016 1288
050114128016 1288
064042128016 1287
018104080016 1284
179095128016 1284
135028128016 1284
249023128016 1283
159193128016 1283
094169128016 1282
156122128016 1282
150047128016 1282
077226080016 1281
079241128016 1280
049226128016 1278
141107128016 1276
060133128016 1275
253205128016 1275
163225128016 1275
237117128016 1274
219014128016 1274
104010128016 1274
206139128016 1274
222029128016 1273
136130128016 1272
223208128016 1272
224060080016 1270
058132128016 1269
142011128016 1269
153213128016 1269
138135128016 1267
095117128016 1267
113104128016 1266
039059128016 1266
148234128016 1265
182178128016 1265
048187128016 1265
250238080016 1264
134244128016 1264
167191128016 1264
156003128016 1264
251065128016 1263
148159128016 1263
034208128016 1262
244134128016 1261
169169128016 1261
247084128016 1260
133168080016 1259
119197128016 1258
029012128016 1257
187090128016 1257
111151128016 1256
014218128016 1255
175171128016 1255
181081128016 1254
024119080016 1253
201232128016 1253
036207080016 1253
112223128016 1253
157067128016 1252
079021128016 1252
162180128016 1251
233197128016 1251
095069128016 1250
250000128016 1248
178251128016 1248
184041128016 1247
143222128016 1247
056015128016 1246
042152128016 1246
121124128016 1245
251117080016 1244
047121080016 1243
254174128016 1243
160218128016 1242
119241128016 1242
107151080016 1242
092032128016 1241
128177128016 1241
160255128016 1240
013143128016 1240
129223128016 1239
198044128016 1238
167065128016 1238
063177128016 1236
002187128016 1234
101002128016 1233
188083080016 1232
168166128016 1232
047052080016 1231
015232128016 1231
015004128016 1230
184218128016 1229
005185128016 1227
062158128016 1226
065011128016 1225
080213128016 1225
011171128016 1223
048108128016 1217
040165128016 1217
050146128016 1216
104124128016 1215
023141128016 1213
026161128016 1212
183140128016 1211
236041080016 1211
051096080016 1209
054146128016 1209
120024128016 1209
112242128016 1209
096191128016 1208
132179128016 1208
126003128016 1208
070190128016 1206
079239128016 1206
139122128016 1205
116243128016 1202
232148128016 1202
015115128016 1201
099080128016 1200
237048128016 1200
209233128016 1199
196094080016 1199
076176128016 1198
037205128016 1198
120191128016 1197
200056128016 1197
173061128016 1197
193227080024 1197
057169128016 1197
094150128016 1196
164091128016 1195
009161128016 1194
156217128016 1194
125090128016 1193
126209128016 1193
149078128016 1193
235160128016 1192
149087128016 1191
054014128016 1191
043132128016 1191
166222128016 1190
127178128016 1190
039187128016 1188
239153128016 1186
039008128016 1186
140089128016 1185
165238128016 1185
024228080016 1184
148162128016 1183
003044128016 1182
192166128016 1179
124204128016 1176
044142128016 1174
192055128016 1173
136065128016 1172
228105128016 1171
049164080016 1169
068252128016 1169
237016128016 1168
019014080016 1167
213196128016 1167
080006128016 1166
144249128016 1165
176072128016 1164
069060128016 1164
235086128016 1164
118112128016 1164
157208080016 1164
178037128016 1162
218021128016 1162
085115128016 1161
176104128016 1160
085071128016 1159
057100128016 1159
074050128016 1158
064248128016 1158
197036128016 1157
114188128016 1152
118148128016 1151
172024128016 1151
079240080016 1150
169119080016 1150
129130128016 1149
016196128016 1148
022253128016 1147
237233128016 1146
097050128016 1145
159059128016 1144
082186128016 1143
233073080016 1141
156084128016 1140
110155128016 1138
121117128016 1138
186089128016 1137
019170128016 1134
082249128016 1133
224066080016 1132
042061080016 1132
144091128016 1130
212027128016 1129
006045128016 1129
113126128016 1128
181054080016 1127
075090128016 1126
111191128016 1125
146213128016 1124
056064128016 1124
196160128016 1123
004163128016 1120
008079128016 1119
181089128016 1119
145004128016 1119
134083128016 1118
156226128016 1118
008079080016 1118
064135128016 1116
107206128016 1116
136005128016 1115
214111128016 1114
000000176016 1114
105148080016 1113
115249128016 1112
132201128016 1111
156230128016 1111
054204128016 1108
157046128016 1104
077167128016 1102
103236128016 1101
160121128016 1099
250111128016 1099
002151080016 1098
015070080016 1097
036086128016 1096
000095128016 1093
200219128016 1092
246037128016 1088
239024128016 1087
196223128016 1085
090076128016 1084
062234080016 1083
188081128016 1082
123035080016 1081
155018080016 1081
131091128016 1076
234021128016 1075
114153128016 1074
229009080016 1071
075174128016 1069
160023080016 1068
080039128016 1065
199207128016 1061
112138128016 1061
132254080016 1059
195106128016 1057
118253128016 1057
037067128016 1056
066058128016 1056
117205128016 1055
052243128016 1054
185006128016 1052
133126080016 1052
036236080016 1050
233031080016 1049
235035128016 1047
029221128016 1046
043100128016 1044
133107128016 1043
199157128016 1042
151070128016 1040
158081128016 1038
038227128016 1036
086171128016 1034
241229128016 1033
017236080016 1033
067232128016 1029
140229128016 1027
088206080016 1025
245213128016 1025
023106080016 1024
004069128016 1016
035021128016 1015
042039128016 1015
054091128016 1011
249229080016 1008
001034080016 1008
092085128016 1004
000000080016 1003
107011080016 1003
220036128016 1002
119188128016 999
113247128016 999
027032080016 998
203241080016 994
083128128016 993
166040128016 991
144062128016 990
183101128016 990
014099128016 988
027203128016 987
113220080016 987
116190080016 983
129214128024 983
216073128016 981
046254128016 980
058231128016 979
008066128016 979
126197128016 975
217018080016 975
120041128016 975
186248128016 974
001134128016 972
202148080016 971
165021128016 971
218042128016 969
229252128016 969
005224128016 965
001240080016 964
095052080016 961
103252128016 959
099154128016 958
115077080016 958
068254080016 955
021244128016 952
118132080016 950
194118080016 950
196049128016 949
000000208016 946
199249128016 944
078051080016 944
123089080016 942
208096128016 941
213025128016 939
045079128016 939
112217128016 938
194068128016 935
045012128016 935
035251128016 935
083182080016 934
161217080016 929
152112128016 925
155048080016 922
163228128016 921
021010128016 921
126178128016 920
173109128016 920
193095080016 913
034036128016 913
051213128016 913
194087128016 910
222168080016 910
016078080016 909
159189128016 908
023020080016 904
006027128016 904
073184080016 902
045089128016 900
113131128016 900
099185128016 900
246026128016 899
065237128016 898
176131128016 894
089089128016 888
080178080016 884
035125080016 884
222205128016 883
187047128016 883
176002128016 880
210071128016 879
128218128016 878
056056128016 878
219231080016 877
100004128016 876
094129080016 875
019076080016 874
089099080016 873
097139128016 872
156044080016 871
148108080016 870
074138080016 869
125173128016 869
175139128016 867
125086080016 866
137088080016 866
064220128016 865
108121128016 865
055238080016 864
154224128016 863
089129128016 859
143148128024 856
211194080016 853
125051080016 851
099243080016 849
124003128016 848
022045080016 848
008089128016 847
158145128016 843
106100080016 843
159240128016 843
231141128016 842
176093128016 842
026204080016 841
022151128016 841
002135080016 839
026187128016 838
061044128016 838
049146128016 837
108139128016 836
122158128016 835
053129080016 833
194238080016 832
020238128016 830
032245128016 829
198066080016 829
003219128016 827
126082080016 825
184013128016 824
021234080016 823
061075128016 818
219145128016 817
105110128016 817
234083128016 817
194244080016 817
142021080016 814
049103080016 814
110021128016 814
062234080024 811
062068128024 810
019249128016 810
178004128016 809
091038128016 807
238169080016 805
127109080016 805
108085080016 804
174188128016 804
169093128016 803
124136128016 801
079087080016 799
149249128016 798
008018128016 797
015201128016 796
153159128016 796
073193080016 794
101243128016 793
057024128016 792
241011128016 792
128173080016 792
176100128024 791
211222128016 790
137238128016 787
011006128016 785
168172080016 785
021005128016 779
147108128016 779
110199128016 777
089002128016 776
005159080016 775
065033080016 774
019160128016 773
209001080016 770
143250128016 767
230077128016 767
189200128016 766
213016080016 765
185120128016 764
084205128016 763
111255128016 762
168208128016 760
083088128016 759
189245080024 759
036030080016 752
072142128016 752
142148080016 751
015228128016 751
166197128016 750
030199128016 749
217082128016 748
067127080016 747
163076128016 746
230105128016 746
238245128016 745
138169128016 744
189174128016 743
255197080016 741
078247128016 740
196026080016 740
171018080016 740
245059128016 737
105026080016 737
200094080016 737
207047080016 736
068029128016 736
201134128016 736
155022128016 735
109068128016 735
096149128016 733
135226128016 733
018086128016 733
231110128016 732
187182128016 731
194067080016 730
000000080017 729
119151128016 729
033136128016 724
150118128016 724
135087080016 723
024151128016 722
156020128016 722
067024128016 722
061251128016 721
057110128016 717
105176128016 716
019218080016 716
026164128016 716
069141080016 715
173117080016 715
126243080016 715
208214080024 714
179151128016 713
060228080016 713
148059128016 713
032118128016 713
231130128016 712
102229080016 712
197007128016 711
091070128016 711
160023128016 710
032076128016 707
245014080016 706
009058080016 706
070082128016 704
085039128016 703
023057080016 702
146014128016 701
214125080016 701
236212128016 700
117072080016 700
110059128016 700
149110128016 698
187046128016 698
032169080016 698
041018128016 697
073011128016 695
149193128016 691
113024128016 691
032035128016 691
154044080016 691
022040128016 688
161148128016 688
186068080016 687
164253128016 687
018150128016 686
225199080016 685
226040128016 685
121102080016 683
042244128016 683
253071128016 681
096099128016 680
219045128016 677
242137128016 676
018150080016 676
005159128016 675
131000128016 674
153114128016 674
243019128016 673
226194128016 673
251237080016 672
105145128016 671
031164080016 669
091143128016 668
171223080016 668
035123080016 668
026078080016 667
028061080016 666
146255128016 665
028188128016 664
076224128016 663
188035080016 661
135062128016 661
009010128016 660
012097128016 658
123237128016 658
134233128016 658
079093128016 656
143244128016 655
025208080016 653
226031080016 651
188229128024 650
155116128016 648
166124080016 647
176037128016 645
108142128016 645
162098128016 645
006081128016 644
129232128016 644
103187128016 643
047063128016 643
179200080016 641
056104080016 640
247246128016 640
193021128016 638
019125128016 638
122067128016 638
110198080016 636
212142128016 636
151112128016 635
150117128016 633
193246128016 632
228134080016 631
242001128016 631
236155080016 631
071108128016 631
108215080016 630
245094128016 630
093138080016 629
122078080016 629
235231128016 629
157099128016 627
019148080016 627
026153128016 627
135063128016 627
163009128016 625
155074128016 624
076232080016 624
160241128016 624
000000128017 623
070039128016 623
061015128016 622
236199128016 622
108078080016 622
120045080016 620
253155128016 620
243241080016 619
053158080016 618
234144128016 618
142107080016 618
083217080016 618
081150080016 617
075232080016 617
106162128016 616
229091128016 616
032187128016 615
086108080016 615
054210128016 613
035120128016 613
139056080016 613
137008128016 612
011202128016 611
022156128016 611
072018080016 611
049005080016 609
136208128016 609
087217080016 608
118106128016 607
139009128016 607
138059080016 605
027089080016 604
086195128016 604
087188128016 604
044164128016 603
254045128016 602
001218128024 601
019126080016 601
011188128016 601
054074128016 601
084104128016 600
143092128016 596
076166128016 596
229138080016 596
028213128016 595
219158080016 594
169219128016 594
061199128016 593
236218128016 592
047029080016 592
239207128016 591
115034080016 591
136034128016 590
021070080016 590
156108128016 590
028180128016 587
194230128016 587
036215080016 586
102216080016 585
134188128016 585
157061128016 584
223165080016 583
174021080024 583
151213128016 582
076109080016 581
030144080016 579
181234080016 579
079015080016 578
164094128016 576
078020080016 575
138205128016 573
173229128016 573
072031128016 569
166179080016 569
251035128016 569
249032128016 568
176126128016 568
093245128016 568
114213080016 568
070252128016 567
158013080016 566
237029080016 566
208240128016 565
118009128016 564
082052080016 564
055117128016 564
129233080016 563
247027080016 563
176100128016 563
174185080016 562
038167128016 562
153177128016 561
166131128016 561
056098128016 560
051248128016 560
083056128016 559
017233128016 559
203186080024 558
011053128016 558
084233080016 558
114096080016 557
080118080016 557
127137080016 557
117080080016 557
200218128016 557
225073080016 556
122106128016 556
121029080016 555
081178080016 554
028154128016 553
041145080016 552
159120128016 551
077171128016 551
097024080016 550
194166128016 548
235146128016 548
150177128016 548
124255080016 546
026246080016 544
196023128016 544
211222080016 544
202037080016 544
230203080016 542
068219128016 542
238229128016 542
124030080016 542
195109128016 542
057087128016 541
075078128016 541
205232128016 541
131025080016 540
116042128016 540
130132080016 540
220027128016 539
157126128016 539
120126080016 539
217170080016 538
178152080016 538
118236080024 537
229060128016 537
103022128016 537
144024128016 537
030141080016 536
115242128024 536
222155128016 536
106157080016 535
164068128016 535
045159080016 534
070209128016 533
079057128016 533
103149080016 532
096111128016 532
123011128016 531
072043080016 531
133163080016 531
162208128016 531
122084128016 531
083055128016 530
151185128016 529
156062080016 529
115100128016 529
089112128016 527
070110128016 526
104182128016 526
139178128016 525
079024080016 525
117219080016 525
203118080016 524
178208080016 524
225027128016 524
228249128016 523
060096080016 522
158212128016 522
112244080016 521
223136128016 520
200250080016 520
233021128016 519
177046128016 518
098209128016 518
034072128016 518
119221080016 517
025124080016 517
000000176002 516
046027128016 515
046150128016 515
185009128024 514
124119080016 514
091197128016 513
051098080016 513
205157128016 512
084239080016 511
151037080016 511
115002128016 511
127081128016 511
128083128016 510
197250080016 510
089091128016 510
055010080016 510
140080080016 509
179161128016 508
210221080016 508
094159128016 506
048114080016 506
123072128016 505
067074128016 505
119004080016 504
236190128016 503
221166128016 503
007142080016 503
126242128016 503
239049128016 503
095050128016 502
033215080016 502
168194128016 502
174117080016 502
188254128016 502
193185128016 502
131007128016 501
048017080016 500
138166128016 499
117161080016 499
079162128016 498
234012128016 497
080041080016 495
050041080016 495
002120080016 495
082252128016 494
215084128016 494
019149080024 493
201240128024 492
115137080016 492
050197080016 492
099018128016 492
032239080016 492
166171128016 492
085245128016 491
059175128016 491
088227080016 491
208102128016 491
107120080016 491
047018128016 490
139092128016 490
003185080016 490
132073080016 490
108152080016 489
240080128016 489
238129128016 489
050247128016 489
012084128016 489
121151128016 488
231000128016 487
054043128016 486
109188080016 486
046063128016 486
082152080016 485
015225128016 485
054141080016 485
008151080016 484
014027128016 484
075205128016 483
009244128016 482
122066128016 482
225016080016 482
232242080016 481
038128128016 481
143185128016 481
096212128016 481
181061080016 481
093122128016 481
107096128016 481
117093080016 481
211194080024 480
159153128016 480
114130080024 480
247088080016 479
190079128016 479
209203128016 479
250209128016 479
120041128024 479
169170080016 478
016138128016 478
021197128016 477
056139128016 477
162221128016 477
128185080016 475
106001080016 475
175031128016 474
114221080016 474
137151128016 473
198056080016 473
037086128016 472
051095128016 471
192134128016 470
026255128016 468
139217128016 468
112014080016 468
196209128016 468
069032128016 467
120134128016 466
210122128016 465
074216080016 465
112102128016 464
149082080016 464
144027128016 464
068028128016 463
112225080016 463
247216128016 462
002246128024 462
098019128016 461
105170128016 461
229045128016 460
171141128016 460
123213080016 460
171100080016 459
007183128016 459
109018128016 459
160025128016 459
002175080016 459
063228080016 458
056020080016 458
190224128016 458
188122128016 457
032153080016 457
030175128016 457
018066080016 457
168110128016 457
243109128016 457
022125080016 457
039209128016 457
117120080016 457
203227080016 456
121098128016 456
224049128016 456
122093080016 456
157161128016 456
255174128016 456
119138080016 456
107017080016 455
225249080016 455
110122128016 455
047137128016 455
105131080016 454
178158128016 454
054206128016 454
229236080016 454
050143080016 454
183030128016 453
036150128024 453
179106128016 453
230169128016 452
077180128016 451
180130128016 451
087041128016 451
036195128016 450
012235080016 450
118103080016 450
015176128016 449
092198128016 448
045123080016 447
153187128016 447
168120080016 447
139002080016 447
144149080016 446
248166080016 446
107106080016 445
022208128016 445
195219128016 445
011009128016 445
031209128016 444
190235128016 444
082021128016 444
122090080016 443
203004080016 443
080024128016 443
191193080016 443
119151080016 442
080091128016 442
173133080016 442
073168080016 441
095076128016 441
057099128016 440
030022080016 439
116178080016 439
038141080016 439
110229080016 438
161247128016 438
195008128016 437
048109128016 436
228220128024 436
116044080016 436
093013128016 436
155028128016 436
036188080016 435
065186128016 434
045033128016 434
148215128016 433
169149128016 433
135253128016 432
160105128016 432
112237128024 432
026082128016 432
162045080016 432
073067080016 431
055057080016 431
116029080016 431
117176080016 431
114185128016 431
002228128016 431
026103128016 430
199155080016 430
232077080016 430
250206128016 430
169164080016 430
112092128016 430
147203128016 430
017245128016 430
157105080016 430
010122128016 430
053079128016 429
048012080016 429
156018080016 429
109182080016 429
069103080016 428
194143080016 428
143127128016 428
211250128024 427
160021128016 426
049114080016 425
005015080016 425
166003080016 425
074006128016 425
179061080016 424
169097080016 424
004142128016 423
137221080016 422
192125128016 422
135005128016 422
043211128016 422
147026128016 422
243034128016 422
108082128016 422
220147080016 421
167151080016 421
162056080016 421
146248080016 421
114130080016 420
217233128016 420
128196080016 420
109178080016 420
218160128016 420
052117128016 419
232214080016 419
187188128016 418
020155080016 418
019066128016 417
072169080016 417
089093128016 417
120254128016 416
199162128024 416
109125080016 416
118088128016 416
115210128016 415
242226128016 415
019245080024 415
024197128016 415
056038080016 415
034004128016 415
010197128016 415
216083128016 414
037052080016 413
025226080016 411
241046128016 411
211242128016 411
003052080016 411
156149128016 411
134146128016 410
044131080016 410
175086128016 410
222217128016 410
056028080016 410
204074080016 409
022163128016 409
213200128016 408
240132080016 408
030244080016 408
000000128082 407
248170128016 407
137105080016 407
047218080016 406
099181128016 406
106157080024 405
147007080016 405
236142128016 405
231047080016 405
194163128016 405
034010080016 404
207246080016 404
063074080016 404
218243128016 404
107109128024 403
005194128016 403
169230128024 402
237201128016 402
191220128016 402
029129128016 402
110036080016 401
156153080016 401
163118080016 401
119195080016 401
030115080016 401
022201080016 401
086175080016 400
075255128016 400
062213080016 400
133139128016 398
133005080016 398
139050080016 398
111230080016 398
170005080016 396
053191080016 396
037179128016 396
103125080016 396
008157128016 395
136012080016 395
097156080016 395
009102128016 395
098173080016 395
059111128016 394
228057128016 394
141204128016 394
079221128016 394
021080080016 393
147016128016 393
042053080016 393
223162080016 393
126088080016 392
003152128016 391
028077128016 391
200169080016 391
224223080016 391
080049128016 390
099052080016 390
174156080016 390
205225128016 390
234176080016 390
005142080016 390
221178128016 389
225058080016 389
062017080016 388
011233128016 388
103129080024 388
075130128016 387
235229128016 387
190139128016 386
142213080016 386
119204128016 386
011057128016 386
130157128024 385
018047080024 385
014170128016 384
215185080016 384
177091128016 384
215099128016 384
165027128016 383
187230128016 383
057029080016 383
167166128016 382
054009080016 382
102008080016 382
167150080016 382
053060080016 381
069080128016 380
033066080016 379
029002128016 378
181035128016 378
108147080016 378
174145128016 378
070119128016 377
058237128016 377
042048080016 377
222137128016 377
236004080016 377
066111080016 376
130133080016 376
238214128016 376
097255080016 375
100059128016 375
228150080016 375
030161080016 375
138149080016 375
148074128016 375
015062080016 375
230255128016 375
045141080016 375
169163128016 374
114218080016 374
025187128016 374
197140080016 374
137237080016 374
251186128016 374
030197128016 374
163189128016 374
065026128016 373
014048080016 373
159220128016 373
162095128024 373
157135128016 373
055237080016 372
205245080016 371
178242080016 371
163097080016 371
231020128016 371
237065080016 370
129188080016 370
225037080016 369
060158080016 369
237029080024 368
003184080016 368
180094128016 368
190057128024 367
009110128016 366
043191128016 366
087113128016 366
119197128024 366
135080128016 365
216188080016 365
085134128016 364
031157128016 364
060215080016 364
103251128016 364
183222080016 364
075064128016 364
017086128016 363
149194128016 363
034100128016 363
054094128016 363
108125080016 363
176151080016 362
028082128016 362
079137128016 362
228010080016 361
233133080016 361
130019080016 361
021049128016 361
080217128016 360
188169080016 360
219176080016 360
168039080016 360
055119080016 360
144032128016 359
184137080016 359
106128080016 359
143152128016 359
157105128024 359
180070128016 358
204191128016 358
117163128016 358
230255128024 358
103129080016 357
054094128024 357
169045128016 357
123053080016 357
050173128016 356
240160128016 356
106073128016 356
109116128024 356
204194080016 355
077219128016 355
217166080016 354
029244080016 354
223095080016 354
043227128016 354
053012080016 353
080146080016 353
048213128016 353
165001128016 353
093017128016 353
159189080016 353
170226080016 352
202003128016 352
111190080016 351
047074128016 351
255067128016 351
024057128016 351
075185080016 351
153228080016 350
208119128016 350
170230128016 350
212071080016 349
072107080024 349
032004080016 349
030192128016 349
031057080016 349
086069080016 349
120046080016 349
063013080016 348
167248080016 348
145233080016 348
129055080016 348
073008128024 347
096100128016 347
053165128016 347
049164080024 346
199053080016 346
124159080016 345
015112128016 345
117055080016 345
083140080016 345
152238128016 345
008078128016 345
029137080016 345
034119128016 345
164180080016 345
027144128016 345
091114080016 345
041046080016 344
165194080016 343
168103080016 343
167229080016 343
084124080016 343
205196080016 343
154206080016 343
094059128016 343
106244128016 342
245003080016 342
098178080016 342
167080080016 342
130074128016 342
024167080016 342
062176128016 342
123168128016 342
170216128016 341
126047080016 341
188085128016 341
096229080016 341
235219080016 340
135184080016 340
203015128024 340
059115080016 340
147238128016 339
207000128024 339
175163080016 339
204202080016 338
080007128016 338
063175080016 337
127006128016 337
197075128016 337
128031128016 336
000000240016 335
149103080016 334
127076128016 334
162005128016 334
047133128016 333
012089080016 332
023035128016 332
183203080016 332
107054128016 331
203123128016 329
020002128016 328
024121080016 327
014166080024 326
091210128016 326
094042128016 324
047029128024 324
141207080024 324
108046080016 324
060243080016 323
120079080016 323
193030080016 323
192173080016 323
037125128016 323
201039128016 323
114078080016 323
049095080016 323
226199080016 323
137212080016 322
135226080016 322
112092080016 322
172108080016 322
009200080016 322
251147128016 319
177135128016 319
062136128016 319
075163128016 319
075177128016 319
142239080016 319
059223080016 319
166145128016 319
156023080016 319
103185080016 319
031197128016 319
042142128016 319
155121128016 319
254140080016 318
226123080016 316
066252128016 316
023117128016 316
240170128016 316
035241128024 316
081245080016 316
061152128016 316
065098128016 316
165235128016 316
170050080024 315
187022080024 315
039133128016 314
217099128016 314
046199080016 314
255170128016 314
032240128016 313
150127128016 313
096136080016 312
159014128016 311
152201128024 311
107242128016 311
228066080016 311
248164128016 311
002003080016 309
061150128016 307
103087128016 307
099002080016 303
239198080016 303
009098128016 303
068101080016 303
095168128016 303
188254080016 303
187196128016 303
203012128024 302
252252080016 302
086091080016 302
195152128016 302
122049080016 302
174208080016 302
013120128016 302
139227080016 301
029177128016 301
056120080016 300
253163128016 300
048133080016 299
108157128016 299
080010128016 299
049092128016 299
192039128016 299
182050128016 299
035176080016 299
105122128016 299
194120128016 299
105137128016 298
073094080016 298
043066080016 297
004009080016 297
132177080016 296
167232080016 296
196135128016 296
226094080016 296
180093128016 296
208244128024 296
118077080016 296
028118128016 296
002164080016 296
000000096002 294
154009080016 292
055016128016 291
054195128016 291
134150128016 291
023020080024 291
093237128016 290
229164080024 286
148015128016 286
205209080016 286
112242128024 285
222035128016 285
198069128024 285
226098080016 285
174140128016 285
052061080016 285
153086080016 285
121051128016 285
104151128016 285
114063080016 285
042210080016 285
138064128016 285
153221128016 285
071061128016 285
134000080016 285
113251128024 285
166179080024 285
098146128016 285
055240128016 284
039145080016 283
195006128016 282
196105128016 282
243255128016 282
236086128016 282
126004128016 282
241227128016 282
146249128016 281
128096128016 279
211217128016 279
016214080016 279
240016128016 279
152080128016 279
194037128016 279
177041128016 279
189073128024 279
132191128016 279
237051128016 279
029071080016 277
112177128016 277
062251128016 277
136009080016 276
042060080016 275
060097128016 275
029031128016 274
173123128016 274
102183128016 274
214197080016 274
083036128016 274
064229080016 273
010102128016 273
069239080016 271
073251080016 271
000000128018 271
062004080016 271
238227080024 271
030054128016 271
136102080016 271
065094080016 270
202082080016 270
164242128016 270
237107128016 270
034097080024 270
120161128016 270
170008080016 270
083223080016 270
071049080016 270
051236080016 270
016120128016 269
113101080016 268
194026128016 267
134179128016 267
032237128016 267
225180080016 267
026168080016 267
054092080016 267
226115080016 267
059009080016 267
006166128016 267
007088080016 267
169128080016 266
068043128016 266
075176128016 264
237152128016 264
050149128016 264
040089080016 264
161125128016 264
192187128016 264
226073080016 264
182166128016 263
121191080016 263
120061128016 261
036132080016 260
041078128016 260
181184080016 259
005088128016 259
137160128016 259
246227128016 259
170084080016 258
169000080024 258
126029080016 258
233025080016 257
163009128024 257
059069128016 257
016149080016 257
108006080016 257
025167080016 257
076150128016 257
246069128016 257
050225080016 257
118194080016 257
043209080016 257
172247080016 257
057185128016 257
102099080016 256
167095128016 255
226048080016 254
029241128024 254
103041128016 254
134089128016 254
053068128024 254
252134128016 254
138100128016 254
047001128016 254
122041128016 254
180035128016 254
186177128016 252
104017128016 251
134246128016 251
221193080016 251
125204080016 251
225240128016 251
249056128016 250
227210128016 249
127092080016 249
200171128016 249
081201080016 249
053161080016 249
166113080016 249
014095080016 248
029000128016 247
003056080016 247
043123128016 246
034056128016 246
176235128016 246
116113080016 245
033118080016 245
181240080016 245
144078080016 245
241021080016 245
023251080024 245
239021128016 245
119103080016 245
132226080016 245
029076080016 245
118103080024 244
065043080016 244
117097128016 244
158098080016 244
206019080016 244
087172128016 244
012190128016 244
177078128016 244
221151080016 244
188053128016 244
178158080016 244
172218080016 244
181080128016 243
035160128016 242
251206080016 241
186166128016 241
010026128016 241
158208128016 241
050064080016 241
113107128016 241
057154128016 238
254021080016 238
166035080016 236
142107080024 234
001132128016 234
022045080024 234
101001080016 234
005166128016 234
172153080016 234
223247080016 234
167151080024 234
002086080016 234
202113128016 233
163184080016 233
205097128024 233
029185128016 233
020151128016 233
115228080016 233
255253080016 233
080210080016 233
177196128016 233
082197080016 233
145134080016 233
159242080016 233
069105128016 233
206000128024 233
205175080016 233
229217080016 232
185101128016 232
138078080016 232
102150080016 231
029096080016 230
196219128016 230
166126128016 230
084094128016 230
019244128016 230
127130128016 230
249063080016 230
039020128024 230
121039128016 229
121225080016 229
013156080016 227
178060128016 227
039015128016 227
171022080016 227
080209080016 227
072243080016 225
187218080016 225
036055080016 225
168225080024 224
061238128024 224
045155128016 224
230004080016 224
233055080016 224
244235128024 224
120002080016 224
238000080024 224
012046128024 223
175115080016 223
201131128016 223
128173080024 223
137038080016 223
080222128016 223
110246128016 223
234139128016 223
015041128016 223
227008080016 223
015106080016 223
159125128016 222
109149080024 222
059040128016 222
169169128024 222
038140128016 221
119043080016 221
175093080016 220
029158080016 220
215055128016 220
167008080016 220
097141128016 220
108020128016 220
002177080016 220
037024080016 219
231251080016 219
166141128016 219
236147128016 219
019149080016 218
207016128016 218
250171080016 218
117095080016 218
105237128016 217
087152128024 217
188131080016 217
218043128016 217
104150128016 217
255143128016 217
156078080016 216
010110080016 216
112206128016 215
125135128016 215
082211128016 215
163103128024 215
042046080016 215
188242128016 215
233020080016 215
246222128024 214
051212128016 214
181116128024 214
165025128016 214
127023128016 214
197165080016 214
013155080016 214
102140128016 214
015095080016 212
047108080016 212
079083128016 212
142248080016 212
196005128016 212
000000000000 212
135150128016 211
180016128016 211
014054080016 211
203210128016 211
066248128016 211
194144128016 211
007123128016 211
048116128016 211
193190128024 211
155125128016 211
065084128024 211
059150080016 211
124044128016 211
181001128016 211
143231080016 210
066239128016 210
000000112002 210
092193080016 210
090200080016 209
209249080016 208
231047080024 208
150000128016 208
042009128016 208
243100128016 208
127175080016 208
093167080016 208
187172128016 208
234142080016 206
065183128016 206
224115080016 206
185214080016 206
106045080016 206
167150080024 206
123165080024 206
116190080024 206
086167080016 206
009112080016 206
047071080016 205
126113128016 205
226165080016 205
124205080016 205
000144080016 205
126089080016 205
111049080016 205
199025080016 205
239198080024 205
002118080016 205
182175080016 205
083165128016 205
178000128016 204
208016080016 204
061058080016 203
196165128016 203
026026080016 203
234077080016 203
138101128024 203
103219080016 202
047029080024 202
067179128016 202
245114128016 202
226139128016 202
157141128016 202
198115080016 202
221247128024 202
209127128024 202
190050128016 202
001007080016 202
079255080016 202
005029128016 199
086213128016 199
198122128016 199
200139128016 199
007137080016 197
027235128016 197
071248128016 197
038077128024 196
188216128016 196
147084128016 196
046146080016 196
093110080016 196
043036080016 196
049083128016 196
083229128016 196
027035128016 196
029171080016 196
244136080016 195
171231128016 195
208248080016 195
041033128016 194
072252080016 194
045088128016 193
129218128016 193
049207080016 193
044099128016 193
182196128016 193
055077128016 193
163057128016 193
017100128016 192
243231080016 192
140147080016 191
239184128016 190
040068080016 190
239001128016 190
176211128016 190
013186128016 190
049147080024 190
142121128016 190
205111128016 190
096074080016 190
017015128024 190
226223080024 190
035248128024 190
111046128016 190
094016080016 190
130157128016 190
232155080016 189
166013080016 189
174187128016 189
096112128016 189
130094128016 188
213095128024 187
145228080016 187
244022128024 187
178252128016 186
112153128024 186
136234128016 186
210229080016 186
109208128016 186
050197080024 186
115179128016 186
208081128016 186
205140128016 186
049169128016 186
133213080016 185
083189128016 185
237121128016 185
113070080024 185
160021080024 185
072012128016 185
192111128016 183
246144128016 183
226189128016 183
209099128016 183
076027128016 183
157224128016 183
099112128016 183
091135128016 183
216142128016 183
014208080016 183
224088080016 182
150030080016 182
221171080016 182
118251080016 182
230077080016 182
068068080016 182
241113128016 182
082230128016 181
033086080016 181
181109080016 181
018006128016 178
036076128016 178
121223128016 178
205097128016 178
150169080016 178
032131080016 178
012057128024 178
014187128016 178
227220128016 178
149180128016 178
084091128024 178
098240128016 178
035057128024 178
181037128016 177
059005080016 177
131129080016 176
026173128016 176
024225080016 175
031160128024 175
175005128024 175
019247128016 175
223206128016 175
061145128016 175
234015128024 175
027133128016 174
238218128016 174
235207080016 174
177165080024 174
223046080016 174
037031128024 174
125136080016 174
019007080016 174
237239128016 173
047213128016 171
028213080016 171
028037128016 171
182203080016 171
074139128024 171
102157128024 171
176073128016 171
255052128016 171
128081080016 170
161238128016 170
233054128016 170
012132128016 170
063165128016 170
035176080024 169
032156128016 169
115132128016 169
060158080024 169
237006080024 169
184111080016 169
016112128016 168
051156080016 168
065140128016 168
067192128016 168
247073128024 168
163114128016 168
085238128016 168
037107128016 168
021133080016 168
174002128016 168
009254128016 168
040118128016 168
076135128016 168
000059128016 168
006129128016 167
104203128016 167
201219128024 167
247199080016 166
058128128024 166
042082128016 165
072082080016 165
017088080016 165
204155128016 165
206229128016 165
015153080024 165
017194128016 165
234167128016 164
226155080016 164
092172128016 164
218067080016 163
235219080024 163
122078080024 163
205127080016 163
101061128016 163
079178080016 163
214214080024 163
155152128016 163
188139128024 163
239189128016 163
052172128016 163
036193128016 162
025172080024 162
095058128016 162
148126128024 162
076195128016 162
116083080016 162
087086128016 162
083107128016 162
005185080016 162
146022128016 162
054113080016 162
137149128024 162
226159080024 162
213084080016 162
130241080016 162
170214080016 162
073204128016 162
223086128016 161
227068080016 161
214212080016 160
067119080016 160
061171080016 159
225204128016 159
093244128016 159
234023128016 159
165011128024 159
237033128016 159
130149128016 159
022241128016 159
050140128024 159
211250128016 159
093120128024 159
135203080016 159
120162128016 159
236043128016 158
168073128024 158
199144128016 158
094082128016 157
047152080016 157
232188128016 157
168211080016 157
176073128024 157
246091080016 157
238000080016 157
090064128016 157
026241080016 157
224051080016 157
039122080016 156
063252128016 156
220254128024 156
036215080024 156
205163128016 156
183010128016 156
142064128016 156
110161128016 156
108041080016 155
175234080016 155
000000160016 155
131098080016 155
072036128016 155
180152080016 155
237241080016 154
023252128016 153
068152128016 153
060209128016 153
031251128024 153
146096080016 153
093001128016 153
177060128016 153
059192080024 153
236113128016 153
013090128016 153
252227128016 152
062244128016 151
149165080024 151
116171128024 151
118041128016 151
150003128016 151
170077128016 151
130215128016 151
213111128016 150
160204080016 150
033151080024 150
217168080016 150
214080080016 150
062175080016 150
023138128016 150
057171128016 150
255116128016 150
010162128016 150
072099128016 150
177193080016 149
058051080016 148
082224080016 147
183210128016 147
226214080016 147
135203080024 147
224107128016 147
017192128016 147
177166080024 147
132201080016 147
142117080016 147
054179128024 146
123202080016 146
167126128016 146
030040128016 146
218224080016 146
156189080016 146
003141080024 146
172110080016 145
102059128016 145
200004080016 145
071163128024 145
234092080024 145
209173080016 145
195047128016 145
016159080016 145
037190128016 145
206117128016 145
025118128016 145
066118128024 145
127080128016 145
070169080016 145
045071128016 144
031188128016 144
034118128024 144
082137080016 144
174027128016 143
219168128016 142
089039128016 142
031152080016 142
144190128016 142
014101080016 142
063059128016 142
135175080016 140
030065080016 140
144169128016 140
022046128016 140
151048080016 140
239182128024 140
029189128016 140
112026080016 140
003192128016 139
146046080016 139
172252128016 139
121102080024 139
138226128016 139
133104128024 139
215026128016 139
112237128016 139
050034128016 139
002155128016 139
084134128016 139
056246080016 139
089081128016 138
000000096018 138
107195080016 138
122227128016 138
176192128016 137
143161128016 137
025221080016 137
180073128016 136
133242128016 136
189023128016 136
015093128016 136
179208080016 136
222206080016 136
060111080016 135
115083128016 135
215051080016 135
057246128016 135
013063128016 135
017180080016 135
057210080016 134
119098080016 134
253132128016 134
043156128016 134
235056128016 134
088117080016 134
105144128016 134
169153128016 133
206084128016 133
037168128024 133
115000128024 133
136146080016 133
227224080016 132
051014128016 131
069067080016 131
147081080016 131
241151128016 131
165018128016 131
015129080016 131
153000128016 131
104161080016 131
000000080210 130
095216128024 130
075188080024 130
050232128024 129
244083128016 129
067167080016 129
178034128016 129
016163080024 129
173044128016 129
249057128016 129
006017128016 128
222121128024 128
044129128016 128
232197128016 128
006236080016 128
148157128016 128
045050080016 128
226028080016 128
070156128016 127
199084080016 127
114035128016 126
152050080016 126
082141080016 126
238049128016 126
095235080016 126
015104080016 126
222134080016 126
001083128016 126
047219128016 126
204083128016 126
156119128016 126
144070080016 126
081250080016 126
085138080024 126
192124128016 126
072182128016 125
218201128024 125
171063128016 125
130152080016 125
118132080024 125
125192128016 125
180073128024 125
012116128016 124
136113080016 124
013155080024 123
240229128016 123
147016128024 123
006225128016 123
207243128016 123
051238080016 123
182100128016 123
140079128016 123
227093128016 123
050000080016 122
187209128016 122
203059128024 122
208120080024 122
254008080016 122
018152128016 122
151217080016 121
218109128016 121
079240080024 121
144032128024 121
245073080016 121
130090128016 121
145038080016 121
215185080024 121
216184080016 120
122012128016 120
218204080016 120
057205080016 120
027202080016 120
167255128016 119
052163128024 119
193139080016 119
205010080016 119
144066080016 119
102226128016 119
126082080024 119
010240080016 118
004019080016 118
122173080016 118
172230080016 118
020046128016 117
014201128016 117
041083128016 117
136013128016 117
046120080016 117
250179080016 117
038011080016 117
202040080016 117
092095080016 117
114108128016 117
087225128016 117
054094080016 117
188084128016 116
230072080016 116
008170128024 116
016160080016 116
213036128016 116
210163080016 116
063189128016 116
120214128016 116
088211128016 115
180119128016 115
173144128024 114
135163128016 114
011189128016 114
198001128016 114
191060080016 114
022061128016 114
081234128016 113
070152128024 113
248013080016 113
075185080024 113
123137080016 113
058051080024 113
109178128024 113
187167128016 113
200076128016 113
132210080016 113
228244128016 113
164058128016 113
068183128016 113
168050080016 113
245194128016 113
068006080016 113
250224080016 113
200019128024 113
254047080016 113
103244128016 112
072048128016 112
021159128016 112
255056128016 112
225110128016 112
220136080016 112
091124080016 112
143150080016 110
067110080016 110
154174128016 110
055108128016 109
018145128016 109
213191128016 109
047056080016 109
197185128016 109
149041128016 109
245042128016 109
040031080016 108
140194128024 108
029225080016 108
231075080016 108
211132128016 108
021187128016 108
163196080016 108
085247128016 108
123104080016 108
061194080024 108
243024080016 108
068159080016 108
179203080016 106
220008128016 106
117229128016 106
012137128016 106
003056080024 106
232194128016 106
237115128016 106
125188128016 106
219103080016 106
195141080016 106
201093080024 106
090228128024 105
236056080016 105
087157080016 105
165080128016 105
097039128024 105
203146128016 105
028161128016 105
204250080016 105
088120080024 105
203252128024 105
045154128016 105
147125128016 105
251004128016 105
072032128016 105
160021128024 105
030093080016 105
061207128016 105
053173080016 104
238194128016 104
015021080016 104
238139128016 104
177058080016 104
251098128024 104
031218080016 104
099224128024 104
254093080016 104
129180080016 103
163075080016 103
000000112018 102
139097080016 102
061009080016 102
053063080016 101
232113080016 101
132201128024 101
185204128016 101
198083128024 101
209121080016 101
102214128016 101
081157080016 101
072124080016 101
163180080016 101
056102128016 101
036015080016 101
210112128016 101
169010128016 101
034233128024 100
029055128016 100
045254080016 100
128163128024 100
000048080016 100