002246128016 14749
000000080002 13584
175050080016 10359
188139128016 9444
122110128016 9225
094117128016 8851
103214128016 7707
144149128016 7173
115137080016 6977
188229128016 6667
201240128016 6559
002174128016 6398
050232128016 6190
100216128016 6144
199136128016 6082
166132128016 5919
090036128016 5783
036150128016 5740
144176080016 5735
160038080016 5540
102215128016 5529
242084128016 5404
203186080016 5353
173064128016 5274
065250128016 4997
000000080024 4933
147045128016 4928
239160080016 4910
148210128016 4811
124254128016 4808
030096128016 4607
133104128016 4516
136155128016 4515
054179128016 4513
115077128016 4511
185188128016 4427
037059128016 4330
079240080016 4287
035241128016 4225
224233128016 4185
052030128016 4164
056218128016 4132
159170128016 3996
075188080016 3996
045140128016 3982
203015128016 3980
027076128016 3959
213043080016 3957
144150128016 3937
068131128016 3892
115038128016 3788
151244128016 3779
096034080016 3756
178199128016 3645
040195080016 3607
130227128016 3573
056143128016 3526
073223128016 3491
000000160002 3478
168209080016 3461
172099128016 3429
003196128016 3403
116223128016 3384
118236080016 3384
236140080016 3371
239207128016 3350
061224128016 3280
152045128016 3277
170232128016 3273
053068128016 3256
241002128016 3253
148085128016 3245
059243128016 3221
054043080016 3213
062068128016 3199
164091128016 3155
251181080016 3135
145189128016 3124
102072128016 3101
097173080016 3100
063199128016 3094
068097080016 3069
156018080016 3049
198103128016 3049
219002128016 3040
114127128016 3028
070080080016 3005
127188128016 2999
189056080016 2992
117167128016 2992
214048128016 2978
056028080016 2973
142126080016 2968
106111128016 2960
164206128016 2933
016165128016 2933
178178080016 2924
009016128016 2910
037031128016 2895
137042128016 2887
204040128016 2857
163002128016 2853
221247128016 2847
010031080016 2788
062011080016 2782
243155128016 2776
237198080016 2767
013161128016 2766
219041128016 2755
231198080016 2750
038067128016 2743
115240128016 2717
000000128002 2714
094169128016 2673
162230128016 2664
116015128016 2640
160117128016 2640
065169080016 2623
151017128016 2604
204087128016 2600
173088080016 2598
191069080016 2581
124209080016 2575
171100080016 2571
168107128016 2564
041247080016 2563
191130128016 2543
111130128016 2539
198174128016 2527
106080080016 2523
179116080016 2516
174021080016 2512
020042080016 2485
150059128016 2475
158133128016 2474
050094128016 2460
245025128016 2457
016134128016 2452
158032128016 2451
079121128016 2440
082180128016 2439
253064128016 2434
005224128016 2426
209196128016 2418
089066128016 2418
224159128016 2415
149176128016 2409
015053128016 2409
146158128016 2394
138036080016 2391
069164128016 2375
149190128016 2367
226155080016 2365
175067128016 2360
207000128016 2358
026120080016 2342
048251128016 2339
237084080016 2333
089121128016 2333
102157128016 2329
046156080016 2317
242158128016 2315
077012080016 2312
166040128016 2301
156218128016 2301
025250080016 2300
042163128016 2298
038216080016 2297
136053128016 2297
029022080016 2294
244081128016 2293
018150080016 2286
092085128016 2285
124112080024 2281
152206128016 2281
141018128016 2268
201045080016 2265
095086080024 2262
027025128016 2261
016112128016 2257
176188128016 2254
045163128016 2250
026151128016 2242
006243080016 2239
219158080016 2235
202021080016 2234
011007128016 2230
105044128016 2227
041046128016 2226
048108128016 2217
164003128016 2208
073004128016 2204
112153128016 2203
020184128016 2200
076094128016 2199
071032080016 2197
080082128016 2185
067028080016 2185
161215128016 2179
062041080016 2172
207186128016 2171
030198080016 2170
029032128016 2158
214174080016 2155
237241080016 2154
250081128016 2154
066215128016 2154
235200080016 2148
178237128016 2144
138157080016 2141
148225128016 2141
050061080016 2135
020029128016 2120
000091128016 2105
132097128016 2104
217214080016 2100
119100128016 2100
009111080016 2097
014186128016 2096
082090128016 2094
080085128016 2091
233119080016 2084
174055128016 2079
047083128016 2076
053057080016 2072
141199128016 2069
055016128016 2064
212097080016 2057
014027128016 2056
015115128016 2053
061049128024 2052
122242128016 2051
183234080016 2048
033036128016 2045
001187080016 2045
024057128016 2037
029052128016 2034
154066128016 2031
184137080016 2028
019130080016 2019
095210080016 2018
152095128016 2013
086176128016 2009
148126128016 2005
035250128016 2003
130221080016 2002
063241128016 1998
061251128016 1998
141158080016 1994
059254128016 1994
061075128016 1992
156230128016 1989
224053128016 1988
050090128016 1988
069223080016 1985
217018080016 1984
026036080016 1984
191020128016 1983
102130128016 1981
139118128016 1981
182000128016 1980
126209128016 1978
074139128016 1976
105145128016 1975
047121080016 1974
251117080016 1973
131130128016 1972
115127128016 1971
159120128016 1966
123068080016 1964
128248128016 1961
094078128016 1960
079076128016 1960
210117128016 1959
157161128016 1956
047225128016 1955
182050128016 1948
130106128016 1947
065054080016 1941
142107080024 1939
026162080016 1936
039008128016 1935
119085080016 1935
206045128016 1930
002043080016 1926
058121080016 1922
043247128024 1912
070235128016 1906
170154128016 1905
230090080016 1903
168225080016 1899
150082080016 1898
232194128016 1889
002118128016 1887
106110080016 1885
086249128024 1885
076176128016 1883
066118128024 1883
021005128016 1882
241012080016 1878
001240080016 1874
133168080016 1869
031015128016 1861
186030128016 1858
125095128016 1857
052061080016 1855
026161128016 1847
193095080016 1844
226152080016 1844
241104128016 1844
029002128016 1836
169217128016 1835
126131128016 1832
178060128016 1826
168006128016 1825
224223080016 1823
176072128016 1823
222238128016 1823
070011128016 1823
053069128016 1820
183101128016 1820
050146128016 1818
045087128016 1817
228091080016 1816
238016080016 1816
096204080016 1812
161177128016 1808
176009080016 1808
115077080016 1807
032091128016 1806
109210128016 1804
062136128016 1800
200177080016 1798
239153128016 1793
134133128016 1790
076221128016 1790
059053128016 1789
251167128016 1789
159059128016 1788
162056080016 1781
210002128016 1777
000246128016 1777
247243128016 1776
233197128016 1776
019014080016 1775
137229128016 1774
245109128016 1769
116066128016 1768
005134080016 1766
175099128016 1765
081046128016 1763
112114128016 1763
196002128016 1763
085029080016 1762
185138128016 1762
096091128016 1761
135231080016 1756
152238128016 1755
232236080016 1750
250238080016 1748
129111128016 1748
102229080016 1746
135082128016 1745
039187128016 1745
175171128016 1744
065157080024 1744
125204080016 1742
115219080016 1740
200039128016 1735
021176128016 1732
172024128016 1732
006231128016 1731
000186128016 1730
255073128024 1728
099126080016 1727
106241128016 1727
031133128016 1726
249023128016 1726
234144128016 1724
126213128016 1723
074107128016 1723
133126080016 1722
224153080016 1719
057069128016 1718
013245080016 1717
037205128016 1713
216040128016 1713
054155128016 1713
023204128016 1711
201176128016 1708
204049128016 1707
020234128016 1703
146161128016 1702
063202128016 1700
172061128016 1700
205118128016 1696
054074128016 1696
139034128016 1689
196094080016 1688
063000128016 1688
140161128016 1685
213062128016 1683
212033128016 1682
212071080016 1680
182156128016 1680
178037128016 1679
220051128024 1679
074104128016 1678
120145128016 1676
181125128016 1676
227216128016 1676
080104128016 1675
247073128016 1675
235141080016 1673
196012128016 1672
054168128016 1669
009024128016 1669
198205128016 1668
155076128016 1668
201056128016 1668
017062128016 1665
065205128016 1665
160218128016 1665
046179128016 1665
191220128016 1665
191170128016 1662
161249128016 1660
112242128024 1659
086057128016 1657
107201128016 1652
061238128016 1651
252162128016 1650
119241128016 1649
176030080016 1649
006129128016 1649
081178080016 1648
206139128016 1647
063167128016 1643
030230128016 1642
091114080016 1640
051119080016 1639
103177128016 1638
125090128016 1631
185132080016 1630
132092128016 1627
114185128016 1627
080039128016 1626
152135128016 1625
228105128016 1624
149041128016 1623
059009080016 1623
239038128016 1623
033140128016 1623
107033128016 1622
114238128016 1622
063080128016 1620
169162128016 1619
145136128016 1619
120018128016 1619
184216128024 1617
118112128016 1614
025172128016 1613
118148128016 1613
062197128016 1612
206228080016 1611
123094128016 1610
143176128016 1610
171171080016 1609
154105128016 1609
213087128016 1608
064147128016 1606
169192128016 1604
140221128016 1600
210222128016 1597
121207128016 1596
132030080016 1595
253061128016 1595
012114128016 1594
231054080016 1594
099090128016 1593
172087128016 1591
029126128016 1591
138135128016 1591
124129080024 1590
197088128016 1589
141213128016 1586
115002128016 1584
167065128016 1584
068132128016 1584
241127128016 1584
174171080016 1583
041098128016 1581
047191080016 1580
123226128016 1579
104010128016 1578
163213128016 1577
077190128016 1575
227241128016 1574
066118128016 1573
145054128016 1573
037055080016 1572
186229128016 1572
102211080016 1571
114188128016 1571
050140128016 1571
128255128016 1571
159193128016 1570
201171128016 1570
130132080016 1567
098007128016 1566
127133128016 1565
127064128016 1564
034208128016 1564
079193128016 1563
127168128016 1563
110200128016 1562
224010128016 1561
025166080016 1561
241000128016 1559
107011080016 1559
000004128016 1557
052012128016 1557
069225128016 1556
152242128016 1552
095069128016 1552
239024128016 1550
056198128016 1550
016159080016 1550
180220128016 1549
160081128016 1547
099063128016 1546
036216128016 1546
250222128016 1546
185006128016 1544
223208128016 1544
219014128016 1541
151104128016 1541
076197128016 1535
123035080016 1535
175083128016 1533
214066128016 1532
087011080024 1532
054146128016 1529
141216128016 1528
129092128016 1527
118253128016 1526
089233080016 1526
091001080024 1525
056056128016 1525
003044128016 1524
231139128024 1523
138110128016 1523
126141128016 1523
014016128016 1520
104233128016 1519
235241128016 1517
162052128016 1517
089220128016 1517
108160128016 1515
008251128016 1512
142011128016 1510
114221080016 1510
250069128016 1508
111230080024 1507
023044128016 1507
208119128016 1506
170240128016 1505
035213128024 1504
156020128016 1504
101031080016 1504
125126128016 1503
087134128016 1501
147166128016 1501
112223128016 1500
031210080016 1499
036121080016 1495
160204080016 1493
134083128016 1493
135028128016 1493
073184080016 1489
102191128016 1489
110216128016 1488
152143128016 1488
023176128016 1488
061128128016 1484
040234128016 1483
107108128016 1481
233073080016 1481
134056128016 1481
237117128016 1480
064024128016 1480
005185128016 1479
013231128016 1478
102162128016 1477
037222128016 1476
072031128016 1475
166124080016 1474
087224128016 1474
044029128016 1474
187206128016 1474
164007128016 1474
022253128024 1473
033064128016 1471
027134128016 1469
183140128016 1469
093202128024 1469
053150080016 1468
163032128016 1468
201232128016 1467
016196128016 1467
050114128016 1467
251065128016 1466
148234128016 1466
047082128016 1466
238199128016 1465
022067128016 1465
012030080016 1463
200143128016 1463
133142128016 1462
210015128016 1461
235028128016 1460
023021128016 1459
219232128016 1458
253205128016 1458
065011128016 1458
174140128016 1457
115184128016 1457
053055128016 1457
070244128016 1456
095117128016 1456
255090080016 1456
051120128016 1455
144044128016 1454
146045128016 1454
094163128016 1453
145094128016 1449
116062128016 1448
155176128016 1448
143082128016 1447
058231128016 1446
054204128016 1446
109019128016 1446
213196128016 1445
090076128016 1444
024156128016 1443
128177128016 1443
223098128016 1443
166057128016 1442
158081128016 1441
213250128016 1440
033076128024 1440
247084128016 1438
058045080016 1437
008175128016 1437
132123128016 1435
030199128016 1434
251206080016 1434
136163128016 1433
010032128016 1433
158208128024 1431
115242128016 1431
115249128016 1431
049226128016 1431
110002128024 1428
066052128016 1427
180110128016 1426
007028128016 1425
222029128016 1425
199207128016 1425
039059128016 1424
107099128016 1423
247217128016 1423
149087128016 1423
129091128016 1423
042160128016 1422
027120128016 1421
162094080016 1420
089089128016 1418
134131128024 1415
110198080016 1414
085034128016 1414
057169128016 1414
009220128016 1413
077226080016 1413
162213080016 1413
072240128016 1412
044153128016 1410
137212080016 1410
108162128016 1409
044233128016 1409
131112128016 1408
120148128016 1408
075090128016 1407
149078128016 1407
053017128016 1405
012245080016 1405
101051128016 1403
124204128016 1403
232022080016 1403
099239128016 1402
023141128016 1401
158152128016 1399
027203128016 1397
243128128016 1395
018205128016 1395
163097080016 1394
108196128016 1393
125232128016 1392
197054128016 1392
143222128016 1392
048074128016 1391
184041128016 1390
171221128016 1388
128076128016 1388
157067128016 1387
135235128016 1387
094150128016 1386
170000080016 1386
029012128016 1385
137175128016 1385
065039128016 1383
175131128016 1383
038167128016 1381
186225128016 1381
144187080016 1380
232082128016 1380
067086080024 1380
134134128016 1380
140229128016 1380
198017128016 1376
084204128016 1375
153213128016 1374
143249128016 1374
065199128016 1374
044142128016 1374
239138080016 1373
034174128016 1373
144249128016 1372
134244128016 1372
080213128016 1371
096100128016 1370
067042128016 1369
116083080016 1367
060133128016 1366
041009128016 1366
250000128016 1365
024151128016 1365
190086128016 1364
237016128016 1363
193036128016 1362
035112128016 1361
059000080016 1359
054175080016 1358
136208128016 1357
177041128016 1357
224060080016 1356
013143128016 1356
221023128016 1355
029221128016 1355
046254128016 1355
015070080016 1354
204161128016 1353
074233128016 1353
082186128016 1352
061058128016 1352
156020128024 1352
250111128016 1352
042210080016 1351
229009080016 1351
103129080024 1351
032005080016 1350
000000160018 1350
097186080024 1349
131091128016 1348
024152128016 1346
173229128016 1346
008079080016 1345
057024128016 1343
046212128016 1342
063177128016 1342
225165128016 1341
126135128016 1340
030126080016 1340
219017128016 1339
048231080016 1338
070176080016 1338
056101128016 1337
218021128016 1337
004163128016 1335
175125128016 1334
089152128016 1334
056015128016 1334
173086080024 1333
131055128016 1333
169169128024 1331
087241128016 1330
063217160018 1329
167255128016 1329
156122128016 1327
036236080016 1326
024228080016 1326
014218128016 1325
235086128016 1324
188083080016 1324
157046128016 1323
175113080016 1323
233179080016 1322
064190128016 1322
223163128024 1322
089129128016 1321
124096128016 1321
222202080016 1320
084224080016 1318
040165128016 1318
112138128016 1317
097050128016 1317
209236128016 1317
228021128016 1316
071244128016 1316
144109128016 1316
032056128016 1316
205054128024 1315
088174128016 1315
158001128016 1315
047052080016 1314
184218128016 1312
112217128016 1312
131224128016 1311
128173080016 1311
236041080016 1311
131093128024 1310
048187128016 1310
101088128016 1310
058132128016 1309
141107128016 1309
186089128016 1308
070190128016 1307
121124128016 1307
005214128016 1306
201219128016 1305
129130128016 1304
166222128016 1301
079087080016 1301
003028128016 1301
178251128016 1300
161148128016 1300
000000176194 1300
035123080016 1299
042152128016 1299
129223128016 1298
064042128016 1298
011006128016 1298
059210128016 1298
150031080016 1297
193177128016 1296
221025128016 1296
119197128016 1293
145203128016 1293
173220128016 1293
104124128016 1293
070177080016 1291
114218080016 1291
182178128016 1291
038221128016 1290
206039128016 1288
078183128016 1287
212027128016 1286
244134128016 1286
247094128016 1285
055038128016 1285
018104080016 1284
043132128016 1284
151070128016 1283
105110128016 1282
187090128016 1278
105215128016 1274
168166128016 1274
223136128016 1272
163225128016 1272
181081128016 1272
057180128018 1272
116243128016 1271
111191128016 1270
174147128016 1269
139122128016 1269
015232128016 1269
000000128024 1268
133107128016 1268
154044080016 1267
167191128016 1267
101113128016 1266
077162128016 1266
083182080016 1265
202035128016 1265
196125128016 1264
148159128016 1264
092032128016 1262
026078080016 1262
110155128016 1262
119235080016 1259
111180128016 1259
120079080016 1258
051096080016 1257
132179128016 1256
009161128016 1255
125173128016 1253
177008080016 1251
160255128016 1251
119012128016 1250
094032128016 1249
254174128016 1249
011171128016 1248
144091128016 1247
068252128016 1246
026103128016 1245
069141080016 1245
198044128016 1245
163228128016 1244
237048128016 1243
036132080016 1243
205062080016 1243
185005128016 1242
157208080016 1241
246037128016 1238
070225128016 1238
002151080016 1238
245174128016 1238
080006128016 1236
000000176016 1236
138094080016 1235
057100128016 1234
126062080016 1233
161216128016 1232
155120080016 1231
192055128016 1231
188081128016 1230
030022080016 1230
217049080024 1230
077014128016 1230
015004128016 1230
054014128016 1229
182100128016 1229
095004128016 1229
144062128016 1227
023014080016 1227
116190080016 1225
143092128016 1224
250003080016 1222
134169080016 1221
214212080016 1220
178228128016 1220
064248128016 1219
079021128016 1216
111151128016 1216
079241128016 1213
080099080024 1213
180134080016 1212
150030080016 1212
057146128016 1211
222035128016 1210
082211128016 1210
120024128016 1209
188239128024 1208
197036128016 1208
146213128016 1206
079239128016 1206
173061128016 1206
113126128016 1205
169119080016 1204
058048128024 1202
051213128016 1202
049164080016 1202
127233080016 1202
069060128016 1201
008222128016 1201
220144128016 1200
153114128016 1199
024030128024 1199
007215128016 1198
120191128016 1197
174127080016 1197
200056128016 1197
234021128016 1197
196209128016 1196
117205128016 1196
099080128016 1195
156217128016 1194
010185128016 1194
201134128016 1193
059138128016 1191
019249128016 1191
008133128016 1189
176104128016 1189
205098128016 1188
065140128016 1187
160093128024 1186
140089128016 1184
202148080016 1184
057204128016 1184
119195080016 1183
149110128016 1183
067232128016 1182
066058128016 1182
145004128016 1182
063187128016 1182
074010128016 1181
192166128016 1179
148162128016 1178
181054080016 1175
181061080016 1175
190185080016 1174
142021080016 1173
135087080016 1172
236068128016 1171
019170128016 1168
162180128016 1168
055057080016 1167
181089128016 1167
008089128016 1166
039106128016 1166
035021128016 1164
024119080016 1164
107206128016 1164
114153128016 1161
215213080024 1159
006045128016 1159
160038128016 1158
042018128016 1158
015201128016 1157
190104128016 1157
085071128016 1156
070150128016 1156
136005128016 1154
153058128024 1150
136130128016 1149
106155128024 1148
121117128016 1148
245213128016 1146
001034080016 1146
056064128016 1143
136004128016 1142
161070128016 1141
098151128016 1140
224066080016 1139
222198128024 1139
022253128016 1139
124255080016 1134
073026128016 1133
061044128016 1133
132254080016 1132
042061080016 1132
015176128016 1130
085245128016 1129
103149080016 1129
178069080016 1129
235219080016 1128
112146080024 1128
164126128016 1127
094008128016 1127
230077128016 1125
214111128016 1125
105051080016 1124
105148080016 1123
002187128016 1120
060096128016 1119
094129080016 1118
152112128016 1117
117094080024 1116
073011128016 1116
049103080016 1115
142068128024 1115
123245128016 1115
230042128016 1115
125123080016 1114
233031080016 1113
156226128016 1113
232148128016 1113
146255128016 1113
103236128016 1113
097068128024 1112
167045128016 1112
132201128016 1111
117163128016 1111
004069128016 1110
164094128016 1110
064135128016 1110
108215080016 1109
100004128016 1108
088206080016 1105
127178128016 1105
201131128016 1105
178216128016 1105
226189128016 1105
077167128016 1102
017156128016 1102
036030080016 1101
187101128016 1101
190105128016 1099
196223128016 1097
053158080016 1096
112011128016 1096
082011128016 1093
047029080016 1091
179218128016 1089
085188128024 1087
037067128016 1086
082252128016 1086
024053128016 1085
135049128016 1084
083128128016 1082
134037128016 1081
074138080016 1081
229252128016 1080
062234080016 1077
191221128016 1077
253071128016 1077
184078128024 1077
223086128024 1075
127081128016 1073
085171128016 1072
069073128016 1071
103140128016 1071
000000096002 1070
139009128016 1070
075174128016 1069
038227128016 1068
036086128024 1067
230255128016 1065
104146128016 1064
051098080016 1063
153148128016 1060
016023128016 1059
125087080016 1059
136065128016 1058
095058128016 1058
193021128016 1054
213025128016 1054
002241128024 1052
165021128016 1052
067127080016 1050
113131128016 1050
144024128016 1048
054091128016 1047
017233128024 1044
148108080016 1044
095052080016 1042
051196128016 1042
110021128016 1042
137088080016 1042
003052080016 1041
026246080016 1040
241229128016 1039
155048080016 1039
035242128016 1038
113247128016 1036
107151080016 1035
086171128016 1034
161247128016 1031
220036128016 1031
176093128016 1030
042093128024 1030
177037080016 1030
045089128016 1029
006247128024 1029
198066080016 1029
176218080016 1028
042039128016 1025
208163128016 1024
113104128016 1024
006088128016 1023
023106080016 1023
188111128016 1023
087087080016 1022
110059128016 1022
160121128016 1021
155018080016 1021
197007128016 1020
208081080016 1019
113073128016 1018
157135128016 1015
028188128016 1015
070162080024 1013
106162128016 1013
236209128016 1010
081141128016 1010
209099128016 1010
176100128024 1008
249229080016 1008
082137080016 1007
034036128016 1006
230162128016 1005
043241080016 1005
016078080016 1004
207000128024 1004
099185128016 1004
169169128016 1003
000000080016 1003
120041128016 1002
188242128016 1002
027226128016 1001
065237128016 1001
069209128016 1000
237006080016 1000
101243128016 1000
216073128016 998
027113128016 998
192039128016 996
188035080016 995
228060128016 994
072122128016 994
177200128016 994
159189128016 993
099154128016 993
078020080016 991
127016128016 990
219231080016 988
153159128016 987
214125080016 987
193185128016 986
165011128024 986
026204080016 986
158145128016 983
218042128016 983
143250128016 982
118106128016 980
080178080016 980
079015080016 977
063032080024 976
179129080016 976
165238128016 975
161217080016 975
000220128016 973
045109080016 971
103252128016 969
128182128016 968
019076080016 967
021234080016 966
019066128016 966
120045080016 966
235079080016 965
219145128016 964
189200128016 963
142148080016 962
139178128016 962
226094080016 962
123089080016 961
138169128016 961
036086128016 961
220108128016 960
025208080016 959
166113080016 958
097068128016 954
169230128024 954
015153080024 954
068254080016 953
045079128016 953
158013080016 952
108142128016 951
196049128016 949
194238080016 949
041149080024 948
026187128016 947
156213128024 945
234083128016 944
214202080016 944
074006128016 943
135117128016 942
101142128016 942
124119080016 942
148034128016 941
184013128016 941
158069128016 941
000024128024 939
222205128016 939
173109128016 938
064021128016 938
162038080016 938
231000128016 937
253221128016 936
017176128016 935
105176128016 934
190235128016 934
076209128016 934
138226128016 933
210071128016 933
082249128016 933
044231128016 933
126197128016 932
186177128016 931
023020080016 931
125086080016 931
154224128016 930
054155128024 930
173101128016 929
133005080016 928
106146128016 928
043100128016 927
143244128016 927
119151128016 927
237156128016 926
167232080016 925
134049128016 925
214090128016 924
114222128016 923
097139128016 923
000000128020 922
008018128016 921
130202128016 918
015103080016 917
157237080024 917
012032128016 916
200094080016 914
127006128016 914
118132080016 913
029000128016 911
161018128016 911
209001080016 910
049146128016 909
108152080016 909
176002128016 909
168214080024 909
155022128016 909
183087128024 908
139191080016 908
021244128016 908
162135128016 906
035125080016 905
085039128016 905
064118080024 904
087188128016 904
092210080016 903
008170128016 902
140128128024 902
112056128016 902
233231128016 901
053188128016 901
128085080024 900
001218128024 900
102205128016 900
170226080016 899
028213080024 897
128218128016 896
247246128016 896
031177128016 896
217014128016 896
091038128016 895
005027128016 894
087204080016 894
083206080016 893
027035128016 893
018086128016 893
204152128016 892
246026128016 891
045012128016 891
222168080016 890
086164128016 890
176037128016 889
122233128016 888
047108080016 888
141063080016 887
167144080016 886
162192128024 886
186135080016 886
099243080016 885
182166128016 885
211226128016 884
187047128016 884
247004128024 883
142063128024 882
060228080016 880
067069128016 880
000000176002 879
062176128016 879
108139128016 879
043200128016 877
149142080024 877
098009080016 877
015228128016 876
156044080016 875
175139128016 875
208111080024 874
141207080024 874
157126128016 874
169093128016 873
096111128016 872
211061128016 872
013142128016 871
231141128016 871
222155128016 869
197016128016 866
079192128016 866
064220128016 864
031157128016 864
254192128016 864
211132080016 862
086175080016 862
126243080016 862
022208128016 861
089002128016 861
024091128016 861
156108128016 861
122158128016 859
023057080016 859
031215080016 858
083088128016 856
022045080016 856
070039128016 856
044238128016 856
093138080016 856
242032128016 854
099020080016 854
207090080016 853
185214080016 853
134246128016 852
162010128016 852
017180080016 851
006236080016 851
027189128016 851
168208128016 851
110151128016 850
068029128016 850
242001128016 850
106100080016 850
225115080024 849
041247128016 849
132189128016 848
124003128016 848
249032128016 845
169219128016 845
009244128016 844
130094128016 844
237239128016 844
021010128016 844
130090128016 844
141163128024 842
219045128016 840
011233128016 840
199249128016 839
005159080016 838
016047128016 837
236199128016 836
064229080016 836
007142080016 835
111255128016 835
019160128016 834
069174128016 833
168172080016 833
042172128016 832
163009128016 832
194244080016 831
003219128016 830
020238128016 830
255197080016 830
017236080016 829
207047080016 829
039221128016 828
189081128024 828
225243080016 828
223162080016 828
210056128016 827
157099128016 827
200218128016 825
051047128016 825
132226080016 824
245094128016 823
251035128016 823
032187128016 823
213196128024 822
159236128016 821
099124080016 820
057173128024 820
081150080016 819
074070080016 819
062234080024 818
072169080016 818
186070128016 818
122041128016 818
126088080016 816
113220080016 816
049092128016 814
239081080016 814
230203080016 814
005191080016 814
195109128016 812
019126080016 812
079157080016 812
124136128016 811
108085080016 811
241011128016 811
147108128016 811
194118080016 809
237142128016 809
124089128016 808
149249128016 808
152249128016 808
032035128016 808
226031080016 807
178004128016 806
032245128016 805
187182128016 805
174021080024 805
224071128024 804
108078080016 804
226228128016 804
212142128016 803
027154080016 803
151112128016 803
144027128016 803
192187128016 802
201174128016 801
247152080016 801
076247128016 801
105026080016 801
117072080016 801
032118128016 800
083217080016 800
164253128016 796
213016080016 796
015212128016 796
122086128024 795
014253080016 794
171018080016 793
217233128016 792
002097128016 792
209121080016 791
122106128016 790
052243128016 790
049005080016 789
086198128024 789
115083128016 788
214060128016 788
201076128016 788
078247128016 788
140077128016 787
194067080016 787
092093128016 786
129232128016 784
247216128016 783
154206080016 783
202043080016 783
042244128016 782
140213080016 782
060002080016 782
091143128016 781
047071080016 781
022195128024 780
091009128024 778
031164080016 778
114104128016 777
220187080018 777
116178080016 775
099130128016 774
106243128016 773
062011128016 773
005088128016 773
085016128016 771
171039080024 771
155091128024 771
230105128016 770
020143128016 770
137008128016 769
135063128016 768
056056128024 768
063188128016 768
181076128024 767
016089128016 766
019119080016 766
133242128016 766
194217128016 765
238169080016 764
035241128024 763
016028080024 763
109196128016 763
000095128016 763
085253128016 762
009058080016 762
115034080016 760
078065128016 760
032076128016 759
171207128016 758
078051080016 758
091197128016 758
204194080016 758
012249080024 757
217082128016 757
163075080016 757
001169128024 756
154071080016 756
113239080016 756
005155128016 756
220136080016 754
043227128016 754
249234128016 754
226199080016 753
109068128016 753
131000128016 751
051095128016 751
146249128016 750
122006128016 749
160023128016 749
216239128016 747
076135128016 746
103214128024 745
127168128024 745
173117080016 744
094133128016 743
209233128016 742
182182128024 742
162098128016 741
120134128016 741
231110128016 741
111085128016 741
018150128016 741
211222080016 741
199157128016 741
016136080016 741
251237080016 740
040076080016 740
149005128016 740
126242128016 739
119210128016 739
115100128016 738
102056128016 738
236174128016 737
192154080024 736
011053128016 735
112177128016 735
188254128016 735
076214080016 734
084233080016 733
135226128016 733
112225080016 732
235129080016 731
236155080016 731
072022128024 730
143148128024 730
116051080016 730
123011128016 729
255232080016 729
075163128016 728
159251128016 728
130197080016 728
240041080016 727
146014128016 726
193227080024 725
219176080016 725
166197128016 725
079093128016 725
088090128024 725
057110128016 725
193246128016 725
241247128016 724
062213080016 724
179151128016 724
203118080016 724
055117128016 724
205209080016 723
122078080016 722
204133128024 722
067024128016 722
230107128016 722
251098128024 720
227220128016 720
123086128016 719
103187128016 719
056104080016 719
083157128016 719
171223080016 719
123054080016 718
117176080016 718
237189080016 717
076166128016 717
109178080016 716
118088128016 716
157222080016 714
235231128016 714
194230128016 714
237033128016 714
000000208016 714
039133128016 712
172153080016 711
028225128016 711
118236080024 711
060158080016 711
245090080016 711
229145128016 710
051192080016 710
084239080016 708
209203128016 708
059125080016 708
196219128016 706
005142080016 706
005166128016 705
034080128024 705
051010128016 705
096099128016 705
228220128024 705
057029080016 704
127130128016 704
055242080016 704
238058080024 704
180007128016 703
089093128016 703
053079128016 703
096197080016 703
199084080016 702
180070128016 702
006045080024 701
153161128016 700
077171128016 699
125051080016 698
180221080016 697
054043128016 697
041018128016 697
235035128016 696
151094080016 696
068045128016 695
122067128016 694
164242128016 693
112019128016 693
147125128016 692
062112080016 692
028061080016 692
043095128016 691
137204080016 690
253116128016 689
054141080016 688
019125128016 688
188229128024 688
079104128016 687
030145080016 687
160023080016 687
179106128016 687
149193128016 686
226040128016 685
126082080016 685
041180080016 685
229138080016 685
226194128016 685
159243080016 685
166099128016 684
147007080016 684
178158128016 682
148144128024 682
056139128016 682
138205128016 681
208240128016 679
034097080024 679
020046128016 679
040115080016 678
079024080016 678
130106128024 677
073042128016 677
079230128024 677
102216080016 675
182175080016 675
136034128016 674
213144128016 674
106001080016 673
009236128016 673
180224128016 673
112223080016 672
245014080016 672
055077128016 672
135136128016 672
129233080016 672
235223080016 671
045145080016 671
073067080024 670
036223080024 669
076109080016 668
134233128016 668
121117080016 668
046129128016 667
126237128016 667
223165080016 666
021070080016 666
211242128016 665
170008080016 664
012190128016 664
043211128016 664
250179080016 663
228057128016 663
111230080016 663
078046080016 663
116042128016 662
220082128016 661
065147080016 661
034090128024 661
123237128016 661
135001128016 661
009010128016 660
099169080016 660
054053128016 659
067074128016 659
250091128024 659
245229128016 658
222244128016 658
169130128024 658
248109080016 658
114130080024 658
251186128016 657
000000128016 656
214181128016 656
121249080024 656
160241128016 656
130019080016 655
137083080016 655
154081128016 654
003080128016 653
111046128016 653
228134080016 652
134044128016 652
201255128016 652
073158128016 651
122183080024 650
079239128024 650
109116128024 649
179200080016 649
026117128016 648
034161128016 647
033215080016 646
211194080016 646
220217128016 646
193198080016 646
142107080016 644
155116128016 644
243231080016 644
057220128024 643
107054128016 641
119188128016 641
057171128016 640
033136128016 640
121098128016 639
065228128016 638
153177128016 638
045155128016 638
119043080016 638
174145128016 638
000000128025 638
159198128016 638
117219080016 638
203015128024 637
086225080016 637
114096080016 637
242178080024 637
000005080016 637
065033080016 637
134000080016 637
015041128016 636
081065080016 636
208214080024 635
102132080016 635
122227128016 634
174188128016 634
087172128016 634
228066080016 634
067214080016 633
012143080016 633
032239080016 633
158001128024 632
067161128016 632
077079128024 631
043192128016 631
029071080016 631
180073128016 630
128185080016 630
073090080016 630
041145080016 630
190079128016 630
105131080016 629
085043128024 628
176137080016 628
229091128016 628
129190128024 628
013196128016 627
134089128016 627
181024128024 627
080045128016 627
108125128024 627
191193080016 626
173044128016 626
022156128016 626
054010128016 625
039079128016 625
011068080016 624
109149080024 624
118103080016 624
251173128016 624
112014080016 623
068219128016 623
208244128024 623
070252128016 623
176235128016 622
051248128016 622
165244080016 621
144078080016 621
059050128016 621
076232080016 621
014099128016 621
022217128016 621
155121128016 621
087217080016 620
061207128016 620
088169128016 620
106045080016 619
048114080016 618
011057128016 618
076064128016 618
215166128024 617
091112128016 616
118132080024 616
245059128016 615
001007080016 615
028154128016 614
046058080016 614
021238080016 613
046150128016 612
222217128016 612
134069080016 612
034119128016 612
067192128016 611
106241080016 611
035120128016 610
229164080016 608
072018080016 608
135142080016 607
088205128024 607
029158080016 607
153197128016 607
195066128024 607
091031128016 605
031136128016 603
127137080016 603
162045080016 603
203186128024 603
083055080016 602
148074128016 602
046063128016 602
166003080016 601
174185080016 600
165251176016 600
224205128016 600
005249080024 600
128213128016 600
117191080016 600
059175128016 599
246216080016 599
172015128016 598
238229128016 597
060097128016 597
073008128024 597
117120080016 596
135253128016 595
114063080016 595
039049128016 595
182024128016 595
137056128016 595
126178128016 594
030244080016 594
138168080016 594
180189080016 594
087070080024 593
036150128024 593
061199128016 593
057054128016 592
148126128024 592
194166128016 592
222137128016 592
237029080016 591
214179080016 590
134185128016 590
231197128024 589
016016080016 588
176131128016 588
050197080016 588
182001128016 587
194163128016 586
017245128016 586
139002080016 585
199155080016 585
078121128016 585
026153128016 585
112244080016 584
255067128016 584
225172080016 583
248170128016 583
041061128016 583
238000080024 583
056098128016 582
063189128016 582
254009080024 581
194115128016 581
104182128016 580
073208080016 580
185103080024 580
165233128016 580
132168128016 579
232077080016 579
120126080016 579
017233128016 579
026168080016 579
131007128016 579
163189128016 578
164068128016 578
099018128016 578
001020080016 578
123054080024 576
084104128016 576
248166080016 575
103087128016 575
122084128016 574
080041080016 574
097024080016 573
115242128024 573
221215080016 571
030197128016 570
223086128016 570
229217080024 569
144149080016 569
094159128016 568
186086080024 568
203123128016 568
253163128016 568
166131128016 568
093245128016 568
217025160018 568
118009128016 567
031135128016 567
007183128016 567
074041080016 567
151185128016 566
106160128016 566
247027080016 565
096212128016 563
183023128016 563
028077128016 562
211194080024 561
203104128024 561
185115128016 561
225027128016 561
054113080016 560
019245080024 560
060077128016 559
050232128024 559
243109128016 559
164132128016 558
139092128016 558
080217128016 558
112092080016 558
024049080016 558
076004080016 558
225016080016 558
042059080017 556
137160128016 556
004142128016 556
007086128024 555
124030080016 554
249193128016 554
153187128016 554
167147128024 554
005165128016 553
003089128016 553
112215128024 553
229045128016 553
213013128016 553
016138128016 552
094124080016 552
216027080016 551
051238080016 551
029161128016 551
019244128016 550
200169080016 550
092088080016 550
075219128016 549
254186128016 549
074216080016 549
112071128016 549
254045128016 548
229053080024 548
015112128016 547
098019128016 547
075054128016 547
106116080016 546
131025080016 545
246101128016 545
077007128016 544
046027128016 544
122090080016 544
201219128024 544
069067080016 544
195018128016 543
062014080024 542
231129080016 541
195219128016 541
225249080016 541
232214080016 540
060097080016 540
057099128016 540
206084128016 540
145197128016 539
202037080016 539
080010128016 539
164189080016 539
082060128016 538
077089080016 538
087017128016 537
079057128016 537
029244080016 537
243024080016 535
082152080016 535
221157128016 535
075177128016 535
099150080016 534
153228128016 534
231047080016 533
232242080016 533
119004080016 532
063074080016 532
032224080016 532
165027128016 531
101204128024 531
038101128016 530
148016128016 530
180251128016 530
139062128016 530
238245128016 530
071108128016 530
121151128016 528
177190128016 528
050140128024 528
174248128016 527
048012080016 527
239049128016 527
152243128024 527
177046128016 526
020155080016 526
048056128024 526
010197128016 526
036195128016 525
003185080016 523
119221080016 523
233021128016 523
216083128016 523
008128128016 522
019149080024 522
147072080016 522
083056128016 522
103244080016 521
119151080016 521
158212128016 521
169170080016 521
224236128016 520
156153080016 520
132220128024 520
151213128016 520
144032128016 520
194077128024 519
020076128016 519
009102128016 519
192168080016 519
150117128016 518
217246080024 518
050041080016 518
032004080016 517
030081128016 517
138166128016 517
145228080016 517
169149128016 517
190032128016 516
055240128016 516
060096080016 516
019158128016 516
031197128016 516
108157128016 515
037086128016 515
045141080016 515
002228128016 515
022125080016 515
072114128024 514
136012080016 514
139217128016 512
077158080016 512
235039128016 512
005090080016 511
176046128024 511
053081128016 511
239002080016 511
146248080016 511
175086128016 511
045023128016 511
106157080016 510
153098080024 510
179161128016 510
107120080016 509
255173128024 509
008151080016 508
036188080016 508
188122128016 508
094244128016 508
234161128016 508
217166080016 507
003206128016 507
208102128016 506
241046128016 506
188167080016 506
157105080016 506
167204128016 506
140025128016 506
187146128016 505
062197128024 504
009251080024 504
135005128016 503
246051128016 503
112102128016 501
237051128016 500
159189080016 500
022046128016 500
121025080024 500
216188080016 500
122093080016 500
097156080016 499
146046080016 499
083036080016 496
039170128016 496
132097080016 496
249133128024 496
163009128024 495
120254128016 495
137151128016 494
037155128016 494
195008128016 494
230064128016 493
025167080016 493
243042080016 492
030115080016 492
027027128016 491
160025128016 491
150177128016 491
103030080016 490
162221128016 490
162208128016 490
079178080016 490
114130080016 490
175251080016 490
195092128016 488
174117080016 488
125188128016 487
169153128016 487
175103080016 487
080024128016 486
143053128024 486
002246128024 486
045094128016 486
211217128016 485
153053128016 483
205157128016 483
075205128016 483
190169128016 483
242226128016 482
076004128024 481
164083080024 481
195061128016 480
140147080016 480
144121080016 480
168120080016 480
045033128016 480
110036080016 480
104161080016 479
251045128016 478
042068128016 478
203186080024 478
068142128024 478
072043080016 477
055206128016 477
096105080016 477
015073128024 477
036215080024 477
048213128016 476
236146128016 476
183030128016 476
060215080016 475
128031128016 475
033151080024 474
175031128016 474
087086128016 473
167080080016 473
143127128016 472
237065080016 471
022165128024 471
232236080024 471
063242080016 471
184153128016 470
167150080016 470
112092128016 470
010122128016 470
109018128016 470
068028128016 469
070209128016 469
236218128016 469
024197128016 468
063228080016 467
165007128024 467
206019080016 467
076079128016 466
101229128016 466
050143080016 466
062017080016 466
254222128024 465
168219080016 465
228165128016 464
237107128016 464
047116128016 464
223177080016 464
178242080016 463
105137128016 463
032240128016 463
016155128024 463
005015080016 462
036173080016 462
105170128016 461
028082128016 461
201039128016 461
159216080016 461
141031128024 460
239085128016 460
005164128016 460
203041080016 459
145201080016 459
117161080016 459
117222128016 458
153142128016 458
211054080016 457
037052080016 457
218205080016 457
235016128016 457
255174128016 456
125065080016 455
129233080024 455
090200080016 454
101018128016 454
173133080016 454
137221080016 454
060097080024 454
130236080024 453
082037128016 453
228225128016 453
000000112018 452
047137128016 452
211222128016 451
080146080016 451
221178128016 450
196165128016 450
080210080016 450
078116080016 449
249056128016 448
224107128016 448
228180128024 447
049114080016 447
059146128016 447
157224128016 447
169163128016 447
080087080016 447
178034128016 446
211250128024 446
065197128016 446
101158080016 446
236110080016 446
160021128016 445
094026128016 445
076072080016 445
013156080016 444
183222080016 444
122049080016 443
109125080016 443
004007128016 443
162095128024 443
061255128016 443
082038080016 442
167166128016 442
115162128016 442
216012080016 442
164197080016 442
084205128016 442
054094128016 442
133241128024 441
137143128016 441
059115080016 440
026164128016 440
121236128016 439
121212080016 439
123213080016 439
181072128016 439
020112128016 439
161243080016 438
017086128016 438
125214080016 437
246069128016 437
222176128016 436
230086128025 436
054009080016 436
065144080024 436
091182080016 435
134075128016 435
130157128024 435
199026128016 435
222138080016 435
234176128024 435
170116128016 434
145099080016 433
207180128024 433
242249080016 433
194017128016 432
122183080016 431
229121128016 431
156149128016 431
108020128016 430
207246080016 430
125248128016 430
068159080016 429
146156128024 429
217099128016 429
126089080016 428
176100128016 428
196160128016 427
071226128016 427
088077080016 426
046222128016 426
083036128016 426
073094080016 426
240021128024 426
065101128016 425
242075128024 425
076250128016 424
039236080016 424
097255080016 424
250209128016 424
054187080016 424
206175128016 424
058237128016 424
014123128016 424
128083128016 423
015129128016 423
013082128016 423
081184128016 423
218160128016 422
138252080016 422
239198080016 421
218243128016 421
206163080016 420
115142080016 420
085161128016 420
224193080016 420
064222080024 419
121039128016 418
208034128016 418
023125128016 418
180093128016 418
229232128016 418
002003080016 418
000000080017 417
101075080016 417
241222128016 417
015062080016 416
079221128016 416
063175080016 415
044227128016 415
080222128016 415
023035128016 415
029171080016 415
121141128016 415
153086080016 415
190222080016 415
160017080016 415
176002080016 413
250040128016 413
055238080016 413
107015128016 412
013211080024 412
022163128016 412
175085128016 412
194179128024 411
194144128016 411
169128080016 411
103129080016 411
058072080016 410
011189128016 410
115132128016 410
148247128016 409
040112128016 409
012132128016 409
204191128016 409
174156080016 408
205096080016 408
236142128016 408
250205128016 407
132057080016 406
234065128016 406
233133080016 406
246227128016 406
097020128016 406
018113128016 405
216045128016 404
034010080016 404
249120128016 404
030175128016 403
115000128024 403
057087128016 403
241227128016 403
122078080024 403
006227128024 402
081245080016 402
027144128016 402
253168128016 402
068194080016 401
017196128016 401
027133128016 401
075169128016 400
125057128016 400
124108128024 400
101060128024 400
211191128016 399
037164128016 399
236086128016 399
079184080016 399
003141080024 398
021197128016 398
120061128016 398
003184080016 398
230211128016 398
120161128016 398
052168128016 398
079191080024 398
103251128016 398
131125128016 398
048088128016 397
250234080016 397
076204080016 397
174208080016 397
098146128016 397
104255128016 397
013155080016 396
149141128016 396
109092128024 396
139097080016 396
239194080016 396
101101128016 396
112039128016 395
127021080024 395
055231128016 395
036175128016 395
161153128016 395
094016080016 395
072124080016 394
157062128016 394
137038080016 393
010102128016 393
053201128016 393
056203128016 393
026255128016 393
099052080016 393
158226128024 391
134221128024 391
224075128016 391
135184080016 391
249063128016 390
229140128024 390
007124128024 389
160021080024 389
030161080016 387
181184080016 387
147026128016 387
118053128016 387
180110128024 386
103062128016 386
167048080016 386
153094128016 385
154069128016 385
228011080016 385
029228128024 385
243228080016 385
203012128024 385
130174080024 384
094042128016 384
057185128016 384
138064128016 384
196143128016 383
094055128016 382
040040080024 381
089081128016 381
167229080016 381
237029080024 381
116150080016 380
194120128016 380
205196080016 380
192125128016 379
234015128024 379
175163080016 379
008078128016 378
046146080016 378
225206128016 378
149194128016 378
043191128016 377
163189128024 377
073096080016 376
044048128016 376
177135128016 376
177091128016 375
247181080016 375
117097128016 374
193238128016 374
171231128016 374
166183128024 374
078068128024 374
011131128016 374
156092128016 374
123168128016 374
048149128016 374
005185080016 374
198141128016 374
203210128016 374
077222080016 374
153021128016 373
245114128016 373
131129080016 373
194143080016 373
143185128016 373
176073128024 372
126029080016 372
003056080016 371
166171128016 371
070165128016 371
193089128016 371
181240080016 371
226025128016 370
220027128016 370
197035080016 370
135062128016 370
183203080016 369
123031128016 369
208254160018 369
105250128016 369
153221128016 369
178239128016 368
155176080016 368
094139128016 368
014048080016 368
087075128024 368
010026128016 368
002118080016 368
095168128016 368
168039080016 368
084091128024 367
099224128024 367
046199080016 367
145227128016 367
203004080024 366
210122128016 366
017188080016 366
050173128016 366
217006128016 366
255089128024 366
222159128016 366
108006080016 366
115030080024 365
023020080024 365
070166128016 364
255199128016 364
251222080016 363
207110080016 363
202003128016 363
185255128016 363
086213128016 362
253155128016 362
141003128024 362
105201080016 361
067110080016 361
152062128024 360
132068080024 360
140175080016 360
052117128016 360
154012080016 360
043066080016 360
201143128016 360
219213080016 359
245003080016 359
106128080016 359
072243080016 358
203116080016 357
194202080016 357
052008128016 357
226142080016 356
016120128016 356
069082128016 355
023251080024 355
092009128016 355
210146128016 354
012235080016 354
000140128016 354
098036080024 353
059111128016 353
068085080024 352
127227080016 352
199053080016 351
230152080016 351
056250080016 351
251164080016 350
196046128024 350
053188128024 349
217068128016 349
225120128016 349
081207128016 349
228248128016 348
084124080016 347
011009128016 347
073251080016 346
052219128016 346
103219080016 346
218067080016 346
231057080016 344
252252080016 344
182251080016 344
114144080016 344
099169080024 343
030022080024 343
017194128016 342
112012128024 342
021070080024 342
102150080016 342
075062128016 342
167151080024 341
005193128016 340
086180128016 340
231130128016 340
230224080016 339
179108080025 339
035200128016 339
193067080016 339
138100128016 339
007088080016 339
113101080016 339
095187128016 339
067179128016 338
134077080016 338
000000176017 337
066192128016 337
043050128016 337
182094128016 337
218109128016 336
225197080016 336
066111080016 336
114032080016 335
093167080016 335
190012128016 335
030141128016 334
215064128016 334
036076128016 334
129179128016 334
148083128016 334
122087128016 334
107133080016 334
214039080016 334
243055128016 334
044131080016 334
205192128024 332
189046128016 332
115190080016 332
006089128016 331
082049080016 330
234228128016 330
126045080016 329
102183128016 329
042048080016 329
008134128016 329
092120128016 329
109225080016 329
131205080016 329
030093080016 328
203070080024 326
215212080016 326
166141128016 324
214197080016 323
222134080016 323
208079080016 323
049095080016 323
222248128024 322
229216128016 320
234138080016 319
099224128016 319
156245128016 319
126047080016 319
043203080016 319
192173080016 319
059223080016 319
243241080016 317
116103080016 317
139255128016 316
205111128016 316
076034128024 316
121051128016 316
013188128016 316
225165080016 316
079181128016 316
049198080024 315
021080080016 314
026026080016 314
221247128024 314
117095080016 314
057005128016 313
036215080016 313
001128128016 313
201145128024 311
186149128016 311
131004128016 311
002155128016 311
001215128024 311
233054128016 311
208016080016 311
251147128016 311
003204128016 310
035147128016 310
047221128016 310
185149080016 310
077218128016 310
165137128016 308
135112080016 308
002086080016 308
080107128016 307
085134128016 307
014170128016 307
182196128016 305
141144080016 303
186218080024 303
239021128016 303
051235080016 303
061194080016 303
133172080016 303
093237128016 303
065094080016 302
059109128024 302
157063128016 302
231251080016 302
016149080016 302
163184080016 302
134208080016 302
079045080016 302
202149128016 301
035154128016 301
063013080016 301
131049080024 300
088117080016 300
226008128016 299
083223080016 299
040183128016 299
083217080024 299
052052080016 299
154172128016 299
080105128016 299
171023128016 299
125236080016 299
143097128016 298
162127128016 296
091135128016 296
159193128024 296
177176128016 296
111019128016 296
063194128016 296
028203128016 296
128027128016 296
032237128016 296
016168128024 296
037179128016 295
049141128016 295
097167080016 294
209173080024 293
087127128016 293
017195128016 291
134146128016 291
239023128016 291
046165128016 291
015095080016 291
092092128016 291
209038128016 290
047029128024 289
113055080016 288
135203080016 288
175036080024 286
104151128016 285
167070128016 285
127080128016 285
169153128024 285
172247080016 284
102099080016 284
133243128016 282
175236128024 282
030006128016 282
081250080016 282
210194080016 282
186118080016 282
210163080016 282
197195128016 282
182127080017 279
054092080016 279
141111128016 279
098224080016 279
142117080016 279
020151128016 279
226159080024 279
233197128024 279
205241128016 279
201009080016 279
249199128016 279
144136080024 279
202058128024 279
154009080016 278
114000080016 278
178208080016 277
000000080020 275
150127128016 275
207078128016 275
062081128016 274
249058128016 274
160252080024 274
010240080024 274
173123128016 274
217148128016 274
050244128024 274
099189128016 273
082141080024 273
105144128016 272
205163128016 271
051192080024 270
072163128016 270
011125080016 270
061194080024 270
132169080016 270
187022080016 270
127175080016 270
243255128016 270
075232080016 268
178000128016 268
132201080016 268
187032128024 268
159017176016 267
213200128016 267
206125128016 267
113107128016 267
028037128016 266
222123080016 266
140214128016 266
077252128016 265
209030080016 265
005029128016 264
203221080016 264
087152128024 264
230044128016 264
149165080024 264
240109128016 264
175042128016 264
040068080016 264
127075080016 264
007170128024 263
162012080016 261
039145080016 260
084243080016 259
179020128016 259
181234080016 259
235207080016 259
116190080024 258
107242128016 257
036049080016 257
014010128024 257
009213128016 257
062251128016 256
001132128016 256
000000128018 256
251079128016 255
113216128016 255
127023128016 254
218091080016 254
041252128016 254
123199128016 254
020208128024 254
117254080016 254
143244128024 253
127013080016 252
165229080024 251
042122128016 251
124053128016 251
226086128016 251
167127080016 251
242061080024 251
174245128016 251
143247128016 251
020002128016 250
192124128016 249
187038080024 249
067225128016 247
006081128016 247
096235128016 247
000000128082 247
212072128016 246
150169080016 246
223083128016 246
029129128016 246
000096128016 246
032131080016 246
102059128016 245
128111080016 245
184111080016 245
042190080016 244
059192080016 243
246119080024 243
155166128016 241
136013128016 241
044099128016 241
068177080016 239
254008080016 238
048116128016 238
205127080016 238
227249128016 238
017088080016 238
166115128016 238
222209128016 236
060111080016 236
180199128024 235
117229128016 235
019034080016 234
086069080016 234
099094128024 234
062239128016 233
026082128016 233
200019128024 233
166013080016 233
070058128024 233
146022128016 233
133032128016 233
138101128024 233
020210080016 233
068244128016 233
118211128016 233
243100128016 233
037024080016 231
188131080016 231
240160128016 231
133229128024 230
202238128016 230
177166080024 230
035057128024 230
205175080016 229
152010128016 229
163193128024 229
144070080016 228
067089128016 227
024054128016 227
169248128016 227
154088128016 227
014054080016 227
219109128016 227
000026128016 226
168235128016 226
040098128016 226
005226080016 226
009110128016 225
196083128016 225
186103080016 225
030214128016 225
156084128016 224
251057080016 223
137142128016 223
222076128016 222
226223080024 222
182232128016 222
223206128016 222
178001128016 222
095098128024 222
112026080016 221
171138080016 221
107195080016 221
082062080016 220
125248128024 220
252213128024 220
130149128016 219
044032128016 219
110084080016 218
176211128016 217
119228128016 217
069122128024 217
027030080024 217
112226128016 217
091124080016 217
000000096018 216
121191080016 216
079240080024 215
035176080024 215
125135128016 215
062004080016 214
249084080016 214
075083080016 214
199144128016 214
151217080024 213
166035080016 213
080015128016 212
083132128016 212
000000000000 212
140054080016 212
190050128016 212
144169128016 212
223128128016 211
185101128016 211
144137080016 211
203230128016 210
018034080024 209
012074128024 209
102214128016 208
056120080016 208
227210128016 208
231047080024 208
072012128016 208
104048080016 208
232142128016 208
061009080016 208
035160128016 208
193132128024 208
070222128024 208
063142080016 207
020225128016 206
191081128016 205
149172080024 203
054147128024 203
071248128016 203
052172128016 203
180035128016 202
074139128024 202
145180080016 202
130201080016 201
226028080016 201
012011128016 200
169060080016 200
102226128016 199
192111128016 199
057236080024 199
045194128016 199
255253080016 197
146166080024 197
095117128024 196
188085128016 196
092193080016 196
064024080016 196
216142128016 195
140079128016 194
035249128016 194
115190080024 194
119216128016 194
145210128024 193
219137128016 193
126161128016 193
087113128016 193
023037128016 193
004009080016 192
051236080016 191
179061080016 191
111232160018 190
254047080016 190
225037080024 190
157239128024 190
024044128024 189
095076128016 188
056246080016 188
113050128016 188
224022080016 188
181115128016 187
182042128016 187
026173128016 187
051036128024 186
230202128016 186
224200080016 186
000136080016 185
047213128016 185
123108128016 185
213010128016 185
100187128016 185
215169128016 185
009132128016 184
128173080024 184
117035128016 183
002079128016 183
063059128016 183
056119128016 183
030173128016 183
171047080016 183
044074128016 182
072082080016 182
176171080016 182
018126128024 182
165194080016 182
181109080016 180
014095080016 180
028158128016 180
032156128016 180
041033128016 180
175234080016 180
061216128024 179
167035080016 179
004253128016 179
234167128016 179
062244128016 179
094017128016 178
112197128016 178
187209128016 178
213191128016 178
074049080016 177
158179128016 177
067119080016 177
245073080016 176
143161128016 175
075134128024 175
214242128016 175
216184080016 175
085020128016 175
014187128016 175
032051128016 174
138078080016 174
083107128016 174
097043128016 174
050181128016 174
128081080016 174
070156128016 174
156059128016 174
065183128016 172
191121128016 172
247045128016 171
159014128016 171
138046128016 171
150000128016 171
111174128016 170
124098128016 170
200171128016 170
101010128016 170
005059128016 170
072036128016 169
059005080016 168
033155080016 168
000122128016 168
139122080024 165
004067096018 165
082055128016 165
167152128016 165
036246128016 164
138022128016 163
115043080024 163
208183128016 163
159111080024 163
179012128024 162
157186128016 162
140170080016 162
110161128016 162
180119128016 161
245194128016 160
006017128016 160
042046080016 160
126062080024 159
078212080016 158
243115080024 158
093062080016 157
151105080016 157
210039080016 156
043156128016 156
126178128024 156
250171080016 156
192124128024 156
108176080016 155
254140080016 154
074060080016 154
038163128016 153
028213080016 152
069103080016 151
230145128016 151
000000128017 150
050136128016 150
207031080024 150
179059128016 149
067167080016 149
207016128016 149
000000240016 149
142160128016 148
191076080024 148
002000128024 148
246119080016 147
007061128016 146
194122080016 146
075094128016 145
007022080016 145
143231080016 145
107151080024 145
088029128016 144
033158080016 143
166024080016 143
161240128016 143
206189128016 143
165134080016 142
042060080016 142
199158128016 142
221193080016 141
154227128016 141
175115080016 141
198068128024 141
226225128024 140
246144128016 140
053117128016 139
195229128024 138
084054128024 138
125136080016 137
010018128024 136
246188128016 136
147050128024 136
225037080016 134
058051080016 134
097141128016 134
208248080016 134
017100128016 134
164102080016 133
036010128016 133
144066080016 133
174027128016 133
177193080016 132
128148128024 132
238106128016 132
015221128016 131
241113128016 131
025172080024 131
002242080016 130
087128128016 130
207198080016 130
155051128024 129
001075128016 129
044065128024 129
080250128016 127
000000128194 127
108055128016 126
103060128016 126
160025080024 124
139227080016 124
152010080016 124
149103080016 124
042083128016 124
125119080016 124
048235080016 124
038140128016 124
075146128016 123
239001128016 123
030040128016 122
064007128016 122
036193128016 121
004121128016 121
216086080016 121
179031128016 120
209191080016 120
033076128016 120
182221080016 120
156078080016 119
084094128016 118
047242128024 118
055108128016 118
221066080016 117
021159128016 117
086054128024 117
167213080016 116
092124080024 116
022061128016 115
183042080016 114
078092128024 114
129180080016 114
191060080016 114
215124128024 114
000000080004 113
155179080016 113
097076128016 113
042082128016 112
179203080016 112
001094128016 112
034235080016 112
180152080016 112
073011080024 110
068215128024 109
219061128024 109
187032128016 109
050056128016 109
225089128024 109
219151128016 109
140013128024 108
241151128016 108
099080080016 107
012059128024 106
177058080016 105
077117128016 105
028161080016 105
181080128016 105
131135080016 104
163119128016 104
036205080016 104
091138080016 103
122173080016 103
190148080016 103
043207128016 102
189203128024 102
104203128016 101
030231128016 101
209173080016 100
017031080016 100
161082128024 100