091207103011  1
077234044025  1
074119118067  1
072021091066  1
069060098116  1
068142108169  1
066150048066  1
065055138149  1
063251252012  1
054089013167  1
054085057190  1
054081158023  1
054243072201  1
054219189243  1
054160105183  2
054149095048  1
052086125182  1
052085004050  1
052085107023  1
052085107167  1
052085107127  2
052085107102  1
052071069090  1
052071054215  1
052040019044  1
052004229197  1
052032007025  1
052225134022  1
052054153038  1
052207199011  2
052201129203  1
052002242135  2
052015041083  1
005045074026  1
040077229148  1
040071094214  1
038090226038  1
031222072035  1
023009052176  1
023103189126  2
216058223003  1
216033197065  1
213000095035  1
212072060214  1
209085227082  1
209225049098  1
208080054031  1
207046101029  2
205251206082  1
199166000200  1
192073240046  1
192168081069  1
192168072148  2
192168060022  2
192168052051  1
192168041048  2
192168041032  2
192168032058  3
192168032141  3
192168032111  3
192168211042  2
192168180090  1
192168180066  2
192168180039  2
192168180100  1
192168130047  1
192168125084  1
192168125002  2
192168120029  1
188172219074  1
185054150017  1
178255153126  1
173194027184  1
173194212094  1
173194209157  1
173194209156  1
173192082194  1
172018001092  1
172018001079  1
172018001077  1
172018001075  1
172018001074  1
172018001072  1
172018001069  1
172018001060  1
172018001038  1
172018001025  1
172018001209  1
172018001208  1
170238064078  2
169054222139  1
162247242020  1
151101192095  1
151101128065  1
146020128233  1
140234254011  1
140234252011  1
130211012053  1
013058006100  1
193110128109  1
107021205062  1
104091138052  1
104254150011  1
104025144019  1
192168052078  1
104024024017  1
104208156039  1
104018057100  1
104016079022  1
010130013079  1
010130010101  2
097074116210  1
091190219146  1
076013028198  1
064237050229  1
054231049027  1
054200230130  1
052085112070  1
052007020224  1
052044250036  1
052165131142  1
034239239169  1
031216145120  1
023101014229  1
023101112170  1
217160227141  1
216058222073  2
216200233104  1
216200232223  1
209095050153  1
199091153044  1
195081202104  1
192035249124  1
192168090151  2
192168090117  1
192168081008  3
192168041041  2
192168032072  6
192168032103  3
192168180086  1
192168180069  1
192168131035  5
192168130094  1
192168130058  1
192168121087  1
192168121035  6
192168121137  1
192000072021  1
185106122139  1
184073198200  1
184172240219  1
173194027172  1
173194136172  1
173194132209  1
169045071112  1
167114056110  1
157055109226  1
137116162142  1
066150048014  1
130211020243  1
104091154134  1
104091150192  1
104091148221  1
104045226254  1
104238125035  1
104236031078  1
104210209029  1
104208152137  1
104016208165  1
010200001115  1
096007005109  2
096007003053  1
096007013114  1
138197063211  1
190024156218  1
095154251152  1
088214193110  1
008043072021  1
008253068087  1
074125003105  1
074125170088  1
074125166152  1
074125165234  1
074125165147  1
074125165136  1
069046036006  1
066242015233  1
066235155106  1
066132149121  1
063251248136  1
054087147005  1
054072151068  2
054245249067  1
216058219070  1
054236188147  1
054231114044  1
151101032188  1
054230162127  1
054230161037  1
069174248170  1
054230161180  1
054230161114  1
054165080200  1
052085107036  2
052085107118  1
052054210245  1
052054183240  1
052045219008  1
052003110243  1
052021252101  1
052206107041  1
052015156201  1
050031164175  1
005039224141  1
040097142210  2
037252127080  1
034252160176  1
034204118252  1
034192136022  1
031216147133  1
031216144090  1
031216144122  1
031216144113  1
023009059048  2
023009056087  1
023009056158  1
023009052091  1
023009052014  1
023009048054  2
023021075069  1
104016078022  1
023021053226  1
023014180021  1
023102004253  1
023101151089  1
213165081116  1
107023064040  1
205197193129  1
204013192211  2
200074133178  1
200014232039  1
200001127082  1
199233057016  1
199187193002  1
199016156073  1
199016156105  1
198050154005  1
192095032069  1
131100001009  1
192033031162  1
192229173136  1
192168090058  4
192168090031  1
066150102076  1
192168081068  1
192168072149  1
192168060111  1
192168042055  2
108168186026  1
192168041027  1
192168041022  2
192168180116  5
192168151006  1
192168131043  4
192168131032  1
192168130102  3
192168130101  1
192168122009  1
192168010084  3
190060076067  1
190060067075  1
190060067072  1
190242131074  1
188092040077  1
054164001026  1
184072244217  1
184171250219  1
173194027231  1
173194141136  1
173194130082  1
173192200070  1
172217030009  1
172217030015  1
172017001113  2
017188128138  1
169055074042  1
167249040106  1
161170238122  1
158069126233  1
154053225086  1
192168032036  2
154053225026  1
152163066165  1
151101065108  1
151101000068  1
138201115163  1
137116172079  1
134000010158  1
131253014227  1
052021054154  1
129144051227  1
107021250224  1
107182233217  1
184073157155  1
107178240089  1
104031067140  1
104031095240  1
104027142149  1
104025014031  1
104024108170  1
104020001139  1
104016032229  1
098158099149  1
095211229246  1
088212196077  1
082223247088  1
192168090009  2
008253183121  1
074125165178  1
074125107244  1
074125107206  2
074125107199  1
072030002181  1
072021091094  1
072021091029  3
205196120006  1
065052108229  1
065052108188  1
192168041050  1
065156001060  1
064233186100  1
054065100239  1
054247064171  1
054235219125  1
054230162213  1
054230161190  1
107178250006  1
054230161103  1
054210187183  1
052085107130  1
052085107010  1
052073123067  1
054231040083  1
052073164050  1
052071225096  1
052055148255  1
052005187126  1
052048010152  1
052031041036  1
052021216012  1
052207111144  1
047088068004  1
040077226217  1
035186213138  1
035185056239  1
034201193249  1
031216147136  1
023037082195  1
023034057163  1
023023137033  2
023021093018  1
023111008148  1
023011096054  1
023100040072  1
190066014221  1
216058222231  1
216058202243  5
172018001223  1
216058192109  1
210128243087  1
037252227005  1
209132180179  1
207244077146  2
206079205140  1
205251072172  1
194067210186  1
192168090056  1
192168090045  2
192168090015  1
192168081079  2
192168081043  3
192168081148  3
192168042080  2
192168041045  4
192168041038  4
192168041037  2
192168041036  2
192168041210  3
192168040017  6
192168032064  5
192168032244  2
192168032023  5
064074232056  1
192168032115  4
192168220181  2
054230161149  1
192168220175  4
192168180087  6
192168180079  3
192168130086  2
192168130020  1
052085107134  1
192168130013  2
192168125054  2
104016018035  1
192168125106  1
192168120052  1
192168120124  1
192168102033  6
191234072188  2
190090156186  1
185152066008  1
181049127082  1
176034254148  1
174129012059  1
173194214100  1
173194166120  1
173194136184  2
172217029050  2
172017001245  2
172017001103  2
198008070212  1
172017001102  2
169054033141  1
169053029138  1
169044099105  1
162243053059  1
159008067137  1
154053224242  1
151101065063  1
151101064222  1
151101194049  1
151101194029  1
151101192207  1
151101128207  2
023005157063  1
151101001094  1
146020129038  1
108179229175  1
108161188192  1
107023046061  1
107022216187  1
107021049080  1
104031094240  1
209085224151  1
104027052108  1
202055225136  1
104027187033  2
104025029010  1
208093230204  1
104025024005  1
104020038253  1
104020030222  1
104019194102  2
104016041002  1
010200001035  1
010130002149  1
010130010232  2
098137201232  1
094031029128  2
091190216025  1
085025133009  1
096007003137  3
078140181169  1
077068041075  1
074125165182  1
154053225110  1
072246208011  1
067220191202  1
067220182010  1
064038119027  3
074125107202  1
063135090143  1
054083194106  1
054071215086  1
054230023180  1
054230022254  1
054214005231  1
034200183030  1
054207101240  1
054204011058  1
054194088191  1
054175060074  1
054165034189  1
054159048182  1
052087129147  1
052073204116  1
054069050251  1
052073182032  1
052006090214  1
054084114168  1
052006074111  1
052054143021  1
052048141136  1
052045133022  1
052004112156  1
052035148055  1
052030162009  1
052023041044  1
192082243118  1
052023027146  2
052023111092  1
052022078247  2
052022242206  1
052216018139  1
173194133082  1
052205051172  1
151101130049  1
052204213058  1
023023250246  1
052202157004  1
195154046150  1
052020126224  1
052193200174  2
052015201140  1
052001096098  1
051255231132  1
050097040233  1
050016244125  1
045056117126  1
040077225248  1
209008208032  1
037187086096  1
023009048073  1
052208054100  1
104025064008  1
023004241121  1
023023161112  1
093158134119  2
023021084250  1
023021056145  1
217069133145  1
052200104236  1
216137041086  1
209085224156  1
209085224154  1
074125103152  1
209205216242  1
209015036032  1
208043229186  1
052207199053  1
207066141186  1
207066141182  1
204013192177  3
200031019078  1
199233057018  3
199187193131  1
198051152184  2
198185019046  1
195008215227  1
195154176093  1
192035249120  2
192186234162  1
192168090008  2
192168090155  3
192168081070  1
192168081067  2
192168081058  1
192168081036  6
192168072038  5
192168072142  1
192168060098  5
192168060057  1
192168042095  6
192168042123  1
192168032144  2
192168220179  1
192168211036  1
192168180070  1
192168130035  1
192168127041  1
192168125092  1
192168125101  1
192168122008  1
192168122046  1
192168010210  1
192168010138  1
192000077032  1
190090252032  1
188065124058  2
184073197174  2
184172240210  3
184154216242  1
174143034098  1
173194027216  1
173194214139  1
173194214138  2
173194214113  2
173194214102  1
104091136176  1
173194214101  2
173194136203  2
173194136201  1
172233154104  1
172022001103  2
172217029052  1
172018001210  1
131253061066  2
172018001201  1
169054033206  1
168176005042  1
162125003003  2
161069045059  1
159226170026  1
159203076091  1
158085224174  2
156154200032  1
152195032006  1
152163056003  1
151101032207  1
151101193171  1
149056030055  1
146020132209  1
146020129028  1
146148040132  1
131253014213  2
130211028205  1
013074034180  1
013032191162  1
013032188094  1
173194055169  1
013032188207  1
013032187065  1
108170007034  1
200031017118  1
107021246048  1
107020235219  1
066151069139  1
104091161095  1
104091133132  1
052073238121  1
104025225009  1
104215146200  1
104200028029  1
104196211144  1
104196202142  1
104196121139  2
104154126143  1
103224182252  1
089044168044  1
077234044035  1
075098068172  1
075098068163  1
074125170204  1
008254248068  1
072014189085  1
069172216056  1
067043005172  1
066035058080  1
066035058075  1
066150048053  2
052020156183  1
054088084111  1
054087171096  1
200001124109  1
054243228133  1
054210176114  1
054174046043  1
054165093199  1
151101064207  1
054164133236  1
052071160191  1
052005255149  1
052044215252  1
052039024163  1
052035244206  1
052233178119  1
052216016240  1
023023097184  1
052207194086  1
052203080226  1
052002041022  1
052176060249  3
052165135132  1
052001079245  1
050097116136  1
040097152082  1
199187193019  1
040097115050  2
040080145038  1
038065009035  1
035185004036  1
035161198174  1
031222072036  2
031216145063  1
023023099012  1
023020226199  1
192168150005  4
023100120066  1
216058222067  4
212027048001  1
209126116207  2
208085241163  1
204086118021  1
200119088167  1
091228167026  1
200119088151  1
198122199231  1
192173028060  2
192168060183  2
192168125158  1
192168042079  6
192168042060  5
192168090107  3
192168042045  4
192168032080  3
192168190075  1
192168190175  2
072021206140  1
192168190131  2
192168180011  3
192168142009  2
192168130007  1
192168130059  4
192168125011  4
192168122007  1
192168121084  2
192168121213  2
067220185043  1
192168102027  1
192168010050  2
192168010136  2
074125026189  3
191237027074  1
190060067019  1
178250000078  3
104117080033  1
173194027215  1
173194027168  1
172217029039  1
172217017035  2
172021001033  1
172019001224  1
172018001217  1
172018001205  1
169054033204  1
158069027080  1
157056077148  2
199034228100  1
157055133204  1
154016127012  1
013107004052  2
149056021092  1
146020132250  1
146020132140  2
134170058118  2
190216129180  1
013032251236  1
013032251108  1
052055098016  1
013032244237  1
013032244115  1
107151003107  1
104091136077  1
104254150077  1
104025159098  1
104244043209  1
104244042065  1
104024096126  1
104016024035  1
104016166050  1
172018001033  2
216137041155  1
205185216042  2
104105232207  1
010230001220  1
010200001044  5
010130009237  2
096007006035  2
093159210002  1
052202211098  1
081020048165  1
077068041027  1
077068041235  1
077234044200  1
074125165211  1
074125165134  1
074125165109  1
074125157072  1
074125155049  1
074121138097  1
023021223132  1
072021091103  1
070042132021  1
035185015058  1
069031054135  1
052205112150  1
069175091067  4
067228019018  1
066085007156  1
066150048033  1
065052108135  1
064004054018  2
054148199253  2
052073080217  1
052072245079  1
052072232123  1
052041250141  1
052055139128  1
052024177214  1
052233176158  1
173194184009  1
052222214057  1
192168125107  1
052202064022  1
052200065113  1
052018199253  2
050097172202  2
050017234240  1
005231220081  1
005101100046  1
046051177223  1
045063069160  3
040097162130  1
037187132051  1
074121138156  1
095154251171  1
034252014192  1
034251025218  2
034206201035  1
098139225168  1
034200201037  1
078046039215  1
034199101044  1
034196233203  1
023092189247  1
023021083014  1
216058219069  5
216058211099  2
216058192097  1
192168125177  1
216058192078  4
104130033005  1
213171205088  1
192168180032  6
192168130082  3
208092055074  1
208092055071  1
104244046103  1
208080054088  1
199083135031  1
198232125123  2
069004231030  1
194145209070  1
192254166058  1
192229163025  2
192168090069  3
192168090143  4
192168041026  2
192168090139  3
192168090130  5
216137041171  1
192168090121  2
192168090103  3
034196158065  1
192168081033  5
192168081158  5
192168081011  5
192168072091  6
052085107228  1
192168072230  5
192168060047  5
052023086017  1
192168050034  3
192168040033  6
192168040003  6
192168220183  4
192168190080  1
199016156241  1
192168180103  5
192168171027  2
192168042066  2
065052108116  2
192168131025  1
192168131018  1
192168125108  2
169055162008  1
192168122043  1
192168121088  5
192168120093  1
192168112013  1
192168010144  4
192168010012  3
192168010109  3
192000072029  1
185047015125  1
184173167098  1
173231178116  2
173194027235  1
173194027169  1
173194136183  2
172217029075  1
192168180114  4
172217029067  3
172217029048  1
172019001056  1
172019001123  1
074125103138  1
172018001222  2
169055069157  2
169055165141  1
050116194023  1
192168121022  1
166210224135  1
159203036050  1
157055056173  1
192168060137  3
108168133170  1
152163050003  2
173192202142  1
151101192217  1
151101128222  2
149056030200  1
152163066131  1
146185132093  1
144208108130  1
192168042149  3
137117017070  1
052054144090  1
134170108072  1
130014029110  5
013076219210  1
013032251217  1
013032244099  1
013032244080  1
054230161148  1
052021033134  1
192168031009  3
013032244167  1
192168081064  3
013032244159  1
013032242183  1
108168151006  2
107020171096  1
107178253132  3
179001007014  1
107178242198  1
104244042193  1
104016021035  1
092054016033  1
104016205165  2
072246210235  1
104130132018  1
103014245022  1
010200001227  2
096043151080  3
092223107254  1
192168090114  4
091197072025  1
050019218207  1
192168032074  3
087230021120  1
082098157099  2
066035058076  2
192168052220  4
078040123096  1
077234042052  1
052000159120  1
077234042235  1
052206032200  1
077234041223  1
075098068034  1
075098068033  1
075098068169  1
192168130046  4
091190219039  1
074217253061  3
074125021094  1
074125157108  1
072030202150  2
072246211025  2
069196243097  1
069175066091  1
069167180188  2
068067178230  4
067220187162  1
066175096011  1
066150048064  2
066150048015  1
065055138186  1
104091139248  1
064233190156  3
054085062190  1
054085215101  1
192168151005  1
054072174193  1
054241191232  1
054165147101  1
052091184146  2
052088112239  1
052086076169  1
052007085020  1
052048138044  1
052222217085  1
192168032055  3
052222217038  1
052222216240  1
052222214050  1
052222214038  1
052222214209  1
216092135141  1
054235072249  1
052222214176  1
054230161160  1
052222214109  1
052021077075  1
052206210166  3
052206153163  1
052204072132  1
192168029030  3
052200020223  1
052020168093  1
052002030221  1
052166116122  2
052014121248  1
052000157021  1
050112065198  2
035186244130  2
035167184004  1
035162026185  1
034206221163  1
034192197152  2
023009063196  1
104016053004  2
023021042015  1
023002012111  2
216058222099  3
034208153214  1
216058222070  5
216058222109  4
216058219066  2
172017001111  1
216058202235  1
054230161166  2
216058202231  2
184073165162  1
216058201163  2
216022100022  1
104016024235  1
209225049067  1
031216147137  1
185106122180  1
209205219018  1
209197003065  1
181049188140  1
157055109224  1
173194214189  6
173194136219  1
172217030005  6
104027168251  1
192168032006  5
192168131039  3
151101128095  1
172019001032  2
052204149202  1
172019001031  1
192168090120  5
052084132228  1
052072142073  1
172019001182  2
172019001175  1
052084142114  1
172019001109  2
172217030010  6
172217029073  2
017188134202  1
169046044040  6
052022123134  1
192168151009  3
192168122036  1
052203044137  1
151101066049  2
149056241116  1
031024224056  1
192168010083  5
138091243193  3
132255020146  2
052026121092  1
013074024063  1
104016079166  2
216138192140  1
172019001066  2
107182233218  4
192168051050  1
107170243014  1
104020005177  1
017188138166  1
038090226011  6
209225049080  1
104091157056  3
192168122040  4
066235138193  1
209205200226  1
104091155184  1
104091130174  1
199091152095  1
104020241006  1
040077226220  1
077234041215  1
104028011061  1
104254150037  2
010200007195  5071
209126107221  4
216033197115  3
104244046231  2
107178242085  1
104019193102  2
052202250194  1
104197000124  1
192168040036  3
054233098147  1
104016027235  2
192168090062  2
104016026035  1
192168081087  5
198023109210  1
104154178088  1
192168042077  4
172217030006  5
192168032105  2
192168032017  6
104129031010  1
013091060030  4
052041051079  1
052073247254  2
074119118092  4
010230001156  2
010230001015  4
192168142048  6
052084132097  1
192168112025  3
010230001126  4
178250000075  1
204044079204  2
010020004180  5
192168032046  6
188092041205  2
052200104185  1
074119118074  5
074118186129  1
192168010101  5
050019124236  1
172019001198  1
052085089211  1
192168180065  1
023009053064  3
179001004237  6
069028058055  2
013074029062  1
195093042003  1
192168202011  5
192168130026  2
052206162106  1
192168110016  2
169054083062  1
173194007089  1
023001118016  1
064233190157  3
151101032246  4
052030195021  1
192168090067  1
072030003043  3
192168010081  3
063251098012  4
192168060099  6
052202043044  1
023000088218  4
216058219195  2
010020005005  4
212124124094  1
052070140205  3
104196013090  1
096007009110  6
046016062015  1
216058222112  1
192168042057  5
104025067019  1
064233186125  3
162125004005  1
192168010017  6
200000187050  1
010020004043  3
192168060064  6
192168040043  5
192168130014  5
091190219145  2
068168084050  1
192168081002  5
192168142069  1
013068088129  1
216058222106  6
104154127219  1
169055074045  1
200122170211  2
192168010067  6
096007002113  3
104016093188  1
072030002182  5
093184216172  3
104016023235  2
192168032008  6
054232092125  1
010130005199  2
023092189246  2
192168072047  5
179001004206  5
172018001034  1
174129047034  1
104027166080  3
172022001249  2
192168110008  2
052084133028  1
108168186024  2
104041208054  2
072021091042  1
045079108104  1
023021185133  1
192168032060  4
192168110010  1
066235139017  1
054231072082  1
066035058077  1
178250002085  1
192168130065  3
172019001055  2
010230001251  1
192168072124  6
192168010093  2
192168110011  1
074125165173  1
192168121030  2
192168042040  6
104196048127  1
157240000022  5
192168060026  5
054243093182  1
192168125075  1
192168060105  3
023092189243  1
173194222094  2
192168032161  4
054192055037  1
040112143134  1
023096219115  1
087250251119  1
184029188079  1
082223211172  1
074119117078  5
010230001163  5
192168125105  1
052084132098  1
192168072160  3
074119118066  5
192168042015  5
192168180052  4
192168060024  6
052001030046  1
074119118086  5
192168041017  6
151101032249  2
192168010019  6
186117159101  1
052043009103  1
023101030126  1
052085089128  1
162208022034  4
173194027187  2
054163081203  1
192168072076  6
208043087030  2
192082242023  1
074125165112  1
192168131038  4
104018052009  1
064111199222  1
074086208240  2
192168072073  6
052070166051  1
192168220177  6
089017213115  1
192168202014  6
104244046199  2
136146210121  1
065052108074  3
192168220052  5
052020239022  1
216058192110  2
062108037222  1
192168090044  5
192168120004  1
192168125133  2
034196008068  1
093184216169  2
013032244117  1
013069188018  1
172217029042  6
192168220102  6
173239042214  3
010200007199  4495
096007008095  6
199038164054  3
034199070032  1
063250200041  4
138197231117  1
192168042032  3
192168029058  6
172018001032  1
192168142042  5
172019001041  2
023009060226  3
200009003042  1
162125034129  6
023009057173  1
192168121070  2
172019001034  2
023014186080  1
172217030002  6
052071018197  1
192168130030  5
050097172200  1
192168081093  6
192168042114  5
216058202226  6
192168052105  6
172018001026  1
104016131065  1
173194211189  6
192168032041  5
104046062041  1
192168150039  1
052084134048  1
192168052202  6
192168081031  6
192168060132  2
052084141059  1
131253061096  1
173194143108  1
074119117072  5
040069064107  1
010130010191  2
104254150004  1
172217017099  1
192168029006  6
192168112015  6
216033197077  1
192168180031  6
040097031050  2
185014255155  1
172217029074  6
208185050080  2
130211014080  1
052200000248  1
156154202032  2
192168191004  1
192168131017  5
054240190224  1
172016255200  1
052002181175  2
192168121136  3
192168220167  6
104020039089  2
200122238031  1
151101128068  2
064233190125  2
050019201048  1
192168010129  2
040096000114  1
050017250036  1
104091132045  4
013107005088  4
173194027199  2
209205217098  1
010230001213  6
192168042145  4
050116194021  4
192168041040  1
173194142073  1
192168142061  4
192168090083  4
162247242019  4
172217030001  6
192168180013  4
052073106235  1
192168122074  2
192168060110  6
192168220180  6
054164201153  2
192168060112  4
104193082052  1
172018001064  1
172217029066  6
052007066075  1
172019001060  1
065055223041  1
184173097081  2
192168042022  4
192168042075  6
107021123155  1
192168081101  2
107020243207  1
176056226173  1
075101137220  1
192168122004  2
192168127026  1
096007008066  1
157055130174  2
192132033027  2
023009050217  3
088214193098  1
192168190014  1
192168090086  4
152163064002  3
192168220178  4
017188165154  1
104091140019  2
010230001253  5
185036168123  1
192168010070  2
074125001136  1
040076012162  5
104244055020  1
151101001063  1
104091165106  1
192168010120  4
192168072116  2
192168130039  6
192168220187  6
192168010054  2
192168060039  6
212053139041  4
010230001005  6
098138252038  1
192168032123  3
192168040005  6
192168060027  2
192168131012  2
052204051212  1
052084141141  1
054230162101  1
192168120246  1
023023119194  1
216058209131  1
054152184206  1
040097148050  1
192168180051  5
192168122068  4
200025054105  1
023009051141  1
216058202229  6
069042111103  1
192168060152  3
054083186170  1
199187193133  1
192168142049  2
151101000217  1
010230001242  6
038090226013  6
192168125251  1
023001112060  3
023009053063  6
052165135029  1
192168090106  4
192168131024  6
172019001037  1
173194213189  2
023199240054  4
065055118092  4
192168060097  1
192168060070  1
160046244151  1
192168072051  5
192099063081  1
192168130027  6
010230001056  6
192168010059  5
192168121036  1
023021238007  1
190060067058  1
157240000005  2
134170003182  1
157055056159  1
034209228240  1
185181102040  1
200042136212  1
096007002165  6
192168171026  2
192168042062  4
199187193001  1
192083254182  1
192168130032  6
031013073007  6
192168032127  5
172217029038  6
162125003001  1
023007112235  1
023032195068  2
172019001213  2
192168060011  6
192168060072  2
054173118155  2
052207112223  2
192168060193  3
192168081041  1
216058202234  6
192168041006  3
185181102039  2
192168220161  5
052084141194  1
023102030255  1
192168090030  6
172022001030  2
216137041116  1
192229211040  3
192168090125  1
173194027153  3
199016156232  2
192168211052  2
192168131005  6
192168041049  2
208109004049  1
192168090113  2
136243024163  1
200093149164  1
034194234125  1
104091150142  1
052207061132  1
074125165170  1
173194055107  1
192168081034  5
216058222115  4
065055044109  5
054197248196  1
052211179038  1
209225049115  2
074208080126  1
074125026156  1
190090221034  5
192168032010  5
192168130012  6
074125165110  1
192168081136  1
173194184041  1
192168010041  6
192168150010  6
192168042031  3
173192082196  3
074121138087  2
190090221016  3
192168032038  4
010230001050  6
192168060073  4
192168029033  5
172217030020  1
192168060100  5
192168072122  1
192168121229  1
054230089080  1
013093118133  1
192168042005  6
052206053179  1
192168050002  6
052035057160  1
216058212131  2
192168060136  6
104091154173  2
192168131019  4
108177012189  4
010230001045  5
169045141182  4
192168040030  6
199187193130  1
192168072145  6
192168220162  6
158085224177  3
065052108206  2
108167140163  1
192168180060  6
192168090142  4
054225216014  2
192168050008  1
072021206121  1
052001097041  1
068067180045  2
192082243071  2
052222217237  1
204154111115  1
192168060083  5
192168110033  1
192168122019  2
205185208025  1
074125156042  1
192168042046  6
052202201151  1
151101002002  4
190025241181  1
192168010127  4
192168029059  6
098138049011  2
046105114137  1
192168090029  6
066196116112  5
162247242018  3
208080054239  1
208185050090  1
066235155111  1
034193243094  1
162125004001  5
192168072044  6
192168052217  6
061213187241  1
192168042133  6
192168010073  1
162208022039  6
192168032132  3
054207100175  1
192168150023  4
104091156236  6
179001004204  6
208080054032  3
192168081220  1
192168090099  6
172217029238  1
192168029015  1
192168220151  6
138197231131  1
173192117092  1
010230001075  5
188092041211  1
050022076008  2
216058202238  3
192168060042  6
192168180098  4
052020056135  1
104020123036  2
216058222098  6
052038159157  1
052233180070  1
192168205131  6
190060067027  1
074125107208  2
109108142084  1
010020004012  4
052017168109  1
192168040044  6
040097166178  2
192168060131  4
162125018133  6
192168060133  3
192168180015  6
192168032009  5
075101142193  1
209172062224  1
052001172141  1
192168042088  6
192168142030  5
054225149201  2
192168102009  4
172022001023  2
179001004251  6
192168090162  4
192168081109  4
010230001222  6
023078144054  1
192168010119  5
031216145066  1
010230001247  2
192168151002  5
131253061080  5
192168010112  1
172022001145  2
010230001161  5
013077092139  3
077234044024  2
216058222083  4
209164005136  1
204154111108  1
192168090098  6
104208031113  5
213174132078  2
192168060077  3
192168010032  5
172019001045  2
052045194004  2
052201045050  1
192168040012  5
192168032022  3
216058202225  6
192168180037  5
172217029070  6
013107003128  6
200023223003  1
038072130133  1
013068082008  1
023000093199  1
040079073139  1
192168032062  6
192168127058  5
192168032049  6
176032110206  1
023009058145  1
192168042082  6
192168040039  6
216200232216  1
052205233071  1
194110201086  1
192168131010  6
169054033147  1
192168032122  4
064233186188  6
108177011189  6
031013073049  1
192168090100  6
192168220005  5
031216145107  1
192168112012  6
054235120127  1
192168041029  1
077234044034  2
192168010037  3
046137181222  1
010230001013  6
216058209099  2
208093230018  2
192168090110  6
066242015115  1
192168010114  5
192168180025  6
192168142011  6
192168142059  6
192168072034  4
104016058061  2
192168090091  6
192168190180  1
104254150021  2
054236109104  1
192168032026  4
192168060056  5
192168072039  5
192168072162  4
054225234012  1
190060067059  1
192168032021  6
192168032093  1
192168125024  1
192168032007  6
192168081114  5
052039195055  1
010130015113  2
134170165249  1
213155156169  1
217018043097  1
052216227072  1
104016057061  2
065052108154  3
192168052003  1
023111011211  1
172019001174  2
192168220185  5
192168010076  3
192168010026  5
192168032003  6
192168060044  6
179001004208  6
192168220191  6
173194027167  2
107021213098  2
035185039208  1
192168029005  6
151101192084  3
192168131026  4
192168031010  6
023009063207  1
192168220182  3
052021116162  1
208080054154  2
216058222101  6
192168180018  6
005009089044  1
072246208015  4
192168010010  6
013107042011  6
050097149091  1
192168127032  2
192168072094  6
054152248053  1
010200001195  1
178162194172  1
107178247057  4
052204205224  4
074125107238  1
179001004245  6
052015098168  1
010230001110  6
052020235234  1
107151003131  1
192168060003  6
052014156093  1
179001004238  6
107022228125  1
201217221021  1
179001004209  4
192168032097  3
198252206025  1
172019001254  2
173194027200  2
192168040009  6
192168010082  4
209124077163  1
072246211048  3
013032188083  1
031013065007  1
040113010078  1
192168032067  2
054086138180  1
192168090088  5
068067178170  4
216058222228  3
173194027201  1
052044019236  1
207244070164  1
074119118078  5
010200007196  4862
005196119249  1
144076218056  1
157055235167  2
172019001059  2
013032244158  1
151101064175  1
192168072078  2
094031029064  4
192168081026  5
172217029069  6
008247098133  1
208093230179  1
192168040045  2
054236184155  1
198232124036  1
192168072101  6
010200007194  4835
192168010065  6
052022229251  1
050019106235  1
010200007006  718
190105229034  1
192168220105  4
172217030014  5
172217029051  4
216058222198  1
034203079094  1
068067178184  1
173194027219  1
190090221024  5
162125016006  1
192168060045  5
192168220010  6
208080054066  6
216058222194  3
172022001032  2
192168029018  6
069031054141  4
072030002106  1
192168060157  5
192168042026  1
068180134007  3
192168110018  2
074113233187  2
192168032110  5
192168010009  6
192168131007  1
192168130095  3
192168041033  2
038090226012  6
172019001131  2
104016064054  1
173194027252  1
010230001057  2
174035037134  1
104020194042  2
192168081112  1
192168110029  4
068142102130  1
192168040042  6
023023136195  1
172217029034  6
192168010095  2
192168142037  6
192168180143  2
192168110012  2
131253014195  1
065052108216  1
104193082057  1
008043072072  1
200074133182  1
192168032083  3
192168090046  3
098138004253  1
192168040046  6
192168130005  6
192168060068  6
108161188128  1
192168180075  1
192168090010  5
104244043145  2
013107021200  6
010130001139  1
195154184146  1
192168180016  6
192168052087  6
192168122017  1
095101028102  1
151101128217  1
107182231045  1
192168029003  2
054165232213  1
192168142032  6
052023011104  2
052202177242  1
052201035194  1
065052108224  1
213004119038  1
172016141247  5
192168040035  6
052006111117  1
173194161007  1
192168142065  2
192168042047  3
192168060015  6
010230001190  6
034194023195  1
054085144064  2
023009057204  2
077234044026  2
172022001111  2
104091165012  1
192168122039  2
216058222074  6
207244080182  2
104016232144  1
192168010023  3
054236188141  1
192168090026  6
192168090024  6
192168072050  6
108174010019  2
010230001250  5
208066204188  1
037157006252  1
108174010010  2
104016161013  1
192168151003  3
137116173057  1
192168112014  6
167114174035  1
192168032018  6
076009024131  1
052222214080  1
172022001014  2
035186199248  1
104016076166  3
208100017184  1
104091129122  4
186155244060  1
192168122026  4
217070186100  1
192168060081  6
192168142052  6
013032244207  1
185002150010  1
052035153007  1
054192055007  1
192168060141  1
192168151008  4
192016058008  3
069016175042  2
192168032070  4
192168072065  6
192168081095  6
188092041209  1
192168090053  6
111221077158  1
192168041002  5
052024101214  1
216058222110  3
209085224123  1
052004079023  2
208071107164  1
192168081006  6
192168081110  2
192168090094  6
192168060079  5
149005000071  1
146020132118  1
192168211039  4
161069013021  1
052202139031  1
139059200233  1
010200007007  653
192168081020  6
192168072077  1
192168171004  2
204069221033  4
172217029037  6
108168178150  1
107022191190  1
192168010078  5
200013246149  1
010130008133  2
192168127082  2
192168032024  4
192168131009  2
192168060069  5
192168211074  2
173194027151  1
192168032040  6
178079162150  1
192168220174  5
091216063244  1
130211115004  1
192168220107  5
192168032139  2
088099056130  4
192168125099  1
031013073052  1
173194213157  1
192168052053  5
192168142005  6
054068192063  1
152163056002  2
104091128109  1
065055044054  2
040117096104  5
192168010057  3
192168130061  6
078047038226  1
013107005080  4
091216063240  3
172217030007  1
050063243230  1
005196119250  2
159127042169  1
192168180029  2
050031164174  1
192168010005  4
052088144151  1
192168102025  3
162248016024  1
192168211055  1
192168060025  3
010200007004  700
192168090089  6
065055252167  5
173231178117  1
192168010074  5
192168072032  4
040123043195  1
173194213154  3
008043072022  4
192168010025  1
204011110061  1
192168032056  6
192168042068  4
192168090081  6
064233190155  3
192168090077  5
008018025025  1
192168010103  5
035160009151  1
052000062044  1
216058212163  3
066150048037  1
192168130019  4
066175096022  3
192168130062  5
192168072074  5
192168032140  6
190090221050  3
192168042101  4
174035031004  1
192168220108  2
068067178138  3
192168010020  6
172019001225  2
192168090141  6
052020078000  1
192168150018  6
192168010016  6
173194027218  2
172019001043  1
052201061062  2
154053224142  1
192168072043  6
050017216242  1
192168220152  5
173194136218  1
010200007009  684
172018001101  1
192168010061  6
192229173042  1
052022164081  1
191237218239  1
054164054149  1
192168041047  5
149202081009  1
066150048063  1
010200007217  5217
192168090127  4
192168220186  6
172019001097  2
010230001003  6
054232222094  1
107022236230  1
185102219020  1
192168010047  5
216058192102  2
010230001155  6
172018001102  2
192168127017  1
192168032096  4
035185042220  2
104025034099  1
192168142066  4
179001004223  6
104016099029  1
054152080002  2
076013028196  4
035160019195  1
066150048044  1
172217018131  3
190024148167  1
010230001200  4
192168060092  5
054230022035  1
034204132237  1
205185208078  1
162125032005  6
091228166149  5
005039224021  1
066043050160  1
192168010033  5
192073243204  2
192000072025  2
052018101185  1
216058212195  2
192168032134  3
209126107215  3
192168130096  3
072030196161  5
172217030013  5
154053225046  1
192168042036  5
107020208040  1
065052108194  1
192168127025  1
192168190038  1
172217010046  1
192168121119  1
093184215201  6
205251072175  2
091228166011  5
052003042115  1
034195064246  3
172019001064  2
172019001143  2
192168122031  1
192168072097  4
192168090039  5
054186199157  3
023009051129  1
074121140178  3
192000076003  1
192168090102  5
192168052034  3
192168090035  2
192168142008  6
104091155048  1
104196214123  1
052085107200  1
216058192100  1
199101133139  1
192168052026  6
192168032047  5
162088143011  2
192168010027  1
172017001110  2
023097061137  1
198051152183  2
192168040032  6
052072026162  1
192168195019  2
192168072058  4
172021001025  1
192168171024  2
037048082077  1
192168032015  6
138108007020  1
052084134028  1
192168090073  6
109236081213  1
172019001176  2
178250002078  2
192168041005  3
074125103027  1
104209179144  1
192168122023  1
192168180006  3
192168122034  1
192168032113  6
192168042072  3
192168010122  4
040097166130  1
052021050190  1
192168130009  6
192168122013  2
052205045052  1
023009055234  3
072246210157  2
054087193016  1
209085224155  2
179001004207  4
213239207069  3
192168010131  5
192168010121  4
017248184023  1
052225130205  1
192168010014  3
010230001073  6
054231073026  1
064233186156  5
192168010096  6
054243174106  1
199016156200  1
192168125126  2
192168072144  4
068067178197  5
192168151004  5
052085107212  1
192168081145  3
010200001118  12
204079197203  5
010020004223  1
065052108033  3
192168122088  2
172019001057  2
208113207049  2
192168110030  1
192173028037  4
192168090078  5
216058222069  6
104091157235  3
138201085108  1
192168060061  6
091190217145  2
192168180112  6
192168032109  4
151101194002  3
034203042198  2
088085083215  1
065099198156  3
063241108103  2
192168041053  4
192168010134  4
192168010118  3
208093230202  4
209126117101  1
192168010143  4
192168010069  3
104254150059  2
173194213156  1
052001155229  1
010230001221  6
192168142041  4
192168090084  3
069172216055  6
192168220165  2
208100017186  2
052222222063  1
074119117066  2
192168010048  3
010230001229  4
192168072040  6
052052022140  2
054225089241  1
054219189241  1
038090226039  1
192168060016  6
192168041043  4
104244043017  1
192168072060  2
052002198005  1
192168010137  5
173194136170  1
192000073002  3
179001004216  6
052202222124  2
010020002116  6
192168112202  4
172018001066  1
192099016057  1
172019001040  2
104025026030  2
192168121142  1
192168010056  2
139162178169  1
010200007008  654
023092189245  1
052085107216  1
192168072108  6
192168090138  6
132255020136  2
074113233038  4
054209032107  1
072021091009  1
192168010080  4
052034090097  1
068067178111  5
034193033038  1
104211096015  1
192168032112  1
192168130067  5
151101128166  1
192168072048  4
204236239173  1
216058202230  6
192168072046  6
068067178109  2
052007203134  1
172217029078  4
192168060075  6
192168032054  5
192168130022  4
192168180022  3
192168112009  3
005039224140  1
192168202009  5
172019001036  2
148217050005  2
204154111111  1
192168211035  2
052222217118  1
192168072118  6
052084141155  1
172018001084  1
158085224180  1
192168060124  5
198245061132  1
013032244056  1
192168042003  4
192168010130  4
192168060046  6
192168010088  3
098139225043  5
173194027217  1
072246211086  1
092051156078  1
192168081130  1
192168042102  6
192168127018  1
192168072067  1
098138079073  5
192168032091  6
013032251072  1
179001004231  6
192168090111  4
054236072117  1
192168125123  1
074119118100  2
157055056163  1
192168220159  3
050116054017  1
192168029037  5
023062168116  1
192168032068  6
192168040040  5
192168122076  1
192168122044  2
192168081147  6
192168010145  1
192168180014  6
054208171071  1
172016141249  6
192168142063  6
066242015231  1
013032188088  1
192168142058  6
192168151013  2
192000123249  1
010200007218  5263
193124176048  1
108168178157  1
192168032011  5
190090221042  3
040077226194  1
192168029055  6
192168029032  6
192168010091  4
173194130204  1
023009056103  1
192168010039  3
192168090131  6
192168180005  6
192168110034  1
193235032166  1
149056103101  2
107178244119  2
192168010004  6
192168102034  2
192168042016  3
065055068120  2
142004219032  1
190090221033  5
169055074050  2
065052108092  2
017151148038  1
192168120081  1
192168090032  2
200009003103  1
054239017113  1
192168041010  4
046101148090  1
074125165240  1
104091156147  1
130014016105  1
054164077057  1
023009056025  1
104091163103  2
169045087179  1
192168110032  1
192168010135  3
195190079243  1
192168060029  6
192168142046  5
192168220155  6
052032181193  1
192168010031  5
192168130074  6
192168032106  6
192168032069  4
192168180080  1
192168130011  6
192168081092  6
192168125028  1
168096248140  1
192168072103  6
192168121058  1
192168081018  3
052007217188  1
192168060002  4
192168112005  6
050097116138  1
192168102031  3
192168010044  1
192168127054  1
192168040021  6
104020089174  2
192168032119  1
209085224201  1
192168220104  3
172018001224  1
192168090074  6
192168032032  4
172019001245  2
190090221026  3
034197207183  1
093093068145  1
178255155114  1
192168029016  5
192168125070  1
103235046012  3
192168081023  6
065052108011  4
192168130073  6
023034057129  1
169055070175  1
054230161032  1
192168052020  4
069163164024  1
008035179200  1
104196190032  1
216058212227  2
034199177227  1
205204107169  1
192168220153  5
192168090072  6
132174011084  1
169055165135  1
192168220171  5
192168040031  6
052084137208  1
172018001087  1
192168142012  5
190090221025  6
192168032059  2
052086151221  1
172019001047  2
104025244109  1
095211200082  1
192168042098  4
074217253060  2
074119118082  2
192168010006  6
023021078116  1
172018001253  1
192168032108  6
098139199204  1
104244043048  1
074125165210  2
151101064069  1
066150048034  1
107178254065  3
206054177234  1
091228166015  1
192168171002  2
091134186043  1
192168060104  5
034193204159  1
172217029045  6
129144061040  1
023009056109  2
010230001150  6
192168125048  1
198185019213  1
192168090082  4
192168032135  5
192168180078  6
192168171013  1
067201034165  1
184173090195  3
173194132115  1
192168131004  4
192168190157  2
204079197200  5
192168125032  1
064233190188  6
200196225101  1
157055253050  1
192168010030  1
192168112004  6
169055070149  1
052002000226  1
192168180130  1
005153073230  1
192168042058  6
046105199154  2
052004146195  1
052015042036  1
192168220176  6
192168072045  6
052007102054  1
192168142010  3
216200062237  1
151101000175  2
201159222076  1
052044216143  1
010230001151  6
192168125109  2
217020152074  1
192168130016  4
192168072105  6
198050153227  1
104244046007  1
137116077120  2
072246209189  2
192168122032  1
192168010068  3
206054165156  1
052006022217  1
131100001007  1
054084019092  1
134170115062  4
192168032125  6
173194214154  1
069172201120  1
107022192108  1
104091149170  2
108168186025  2
199016156201  1
192168121015  2
052084133152  1
151101001108  2
068067180143  2
010020002114  6
216155194056  3
192168180134  3
052020041184  1
192168142019  2
192168121128  1
008018025017  1
192168202075  3
065052108027  1
192168090016  5
052085107043  1
052003003097  1
192168055002  4
192168032099  4
192168042076  6
172217029035  2
107006171130  2
010230001240  6
129164142074  6
172019001246  2
192168031003  6
192168125111  2
192168052064  6
050019121243  1
192168041015  5
192168032084  6
192168102013  6
104020110039  2
172021001240  1
040097113162  1
192168150007  2
192168151012  6
157055235150  2
074125165150  1
050057031206  1
052044149080  1
052084132223  1
209015036022  1
192168032094  6
103235247008  1
205251207040  2
074125107207  1
192168032121  6
192168099020  1
209015036021  1
173194027247  1
034194190161  1
087230101013  1
192168180149  6
192168081051  4
157240000053  2
172019001058  2
192168090065  6
074125165138  1
208092055036  2
077066054155  2
066110049036  1
040080145027  1
172018001040  1
173194027249  1
192168090054  6
192168121028  4
192168052019  6
074121142169  1
052055125033  1
069172216111  5
157055240126  2
010200001166  6
192168110013  1
023092189242  2
052004030155  1
131253061068  1
031192120036  1
068067178176  3
192168150011  5
192168130080  4
192168125124  2
192168090085  5
192168081040  5
192168010029  2
208100017183  2
192168180092  4
209133208250  1
192168130041  5
050031185039  1
010230001119  5
192168010064  1
064233186189  6
052022017184  1
192168072095  5
172018001062  1
199091154062  1
023100086091  1
216200232061  1
162125004003  5
052201138250  1
065052108213  1
181225079201  1
172217030003  5
192168142045  5
208080054236  3
052085107244  1
104024018065  1
023021222006  1
104016088020  1
054192055038  1
184073233102  2
069031054133  3
192168072131  5
023101156198  5
192168090049  6
077067109164  2
192168072059  5
172217029077  5
098139225035  2
208080054033  2
010230001061  5
096007011095  1
192168131046  2
172217029033  6
023009062003  1
208093230028  1
192168072110  6
104091131115  2
088208002153  1
192168081057  6
010230001012  6
050016134233  1
052015101100  1
192168180054  1
192168142210  6
074119118084  2
192173028035  5
192168142056  6
192168081106  6
216177204159  1
104025145013  1
192168032150  6
092042142172  1
216058222195  2
192168010008  5
065052108208  1
192168042002  6
192168142018  6
192168032114  3
192168180020  1
094031029054  3
192168060058  2
192168122069  1
192168142036  6
104025189018  1
098138199240  3
034199183112  1
192168220154  6
054231114164  1
192168220156  5
192229211228  2
192168090022  2
040077226222  2
192168032005  4
017188145169  1
193235203163  1
192168042013  6
154053224158  1
192168110019  1
063251024062  1
192168150009  5
169055074036  2
190090221035  6
010130010158  1
172022001024  2
192168102015  1
192168042011  6
192168081003  6
216058222200  5
192168090037  6
173205024244  1
010230001014  6
104024019065  1
208080054155  2
192168060076  5
192204013070  1
192169190162  1
192168010038  5
192168032061  6
074125165116  1
104091162081  3
179001004210  6
192168102029  5
066007222157  3
216058222066  6
161170236122  1
216058222206  5
192168072112  5
172217020067  3
192168040029  6
034200201212  1
192168131249  6
173194027183  2
104208165109  5
173194027234  1
096007009223  1
178162193104  1
216058222097  6
178162220102  2
052203203138  1
192168032071  5
064015122033  1
169054222149  1
178079164222  1
185163111167  1
192016031049  1
192016048200  4
192168010115  3
192168010123  3
104025066019  1
052222214073  1
104020018160  1
185163109117  1
192168060007  6
192168010139  2
192168032019  2
190144184016  1
192168010028  3
192168010066  6
192243250058  2
192168010040  5
192168010046  3
172018001206  1
034197126003  1
192168010055  5
192168010058  6
192168010075  3
066150048030  1
192168010099  2
104154126126  1
192168110015  3
192168110017  2
173241244212  2
192168110021  1
198232125113  1
192168110022  1
192168081066  5
040097132194  3
192168110023  2
192168110024  2
169055070227  1
192150019183  1
192168110026  3
052094232033  3
192168110027  1
192168121125  2
192168110028  2
040097151018  1
162125032012  2
192168110003  2
173194027233  2
052073246213  1
192168041051  2
052084133035  1
054230161216  1
107182233047  1
192168110035  3
034196225249  1
192168127031  5
192168110005  2
107020210061  3
192168125076  2
017248184016  1
192168110009  2
178063050140  1
050017200161  1
069031054143  3
192168120025  2
192168120030  3
192168060021  4
192168042025  5
139162030099  1
192168121043  1
074125107209  1
192168121068  2
094042166230  1
192168121097  5
192168122055  3
054230161198  1
173194031168  1
192168122063  2
190060067074  1
192168122066  1
201131090033  1
052222217151  1
065052108103  5
192168122067  1
192168122072  3
192168010125  6
192168125113  2
192168127012  4
192168060151  2
173194027236  1
192168127069  6
052216080075  1
192168128085  1
192168090060  3
023009053151  2
192168130025  4
192168130033  4
192168130006  3
192168130084  6
192168130093  5
192168131015  4
192168131028  2
179001004217  6
192168142014  3
192168032087  5
052071150186  1
169055069190  1
192168142043  6
192168010062  4
023009048168  1
192168090093  5
192168142071  4
192168150036  3
192168040014  6
192168150006  6
192168131003  6
192168151007  2
192168127078  3
192168180010  6
192168180003  4
054225202195  1
192168060004  4
192168180042  6
192168180046  4
192168180047  3
192168180055  2
192168180068  6
104019196102  1
192168041052  4
192168131037  5
172018001104  2
108059006118  2
190216057021  1
052216065040  1
192168180096  1
035166101186  1
010130005032  2
192168190153  1
192168190094  2
192168202004  6
192168202006  2
040097157066  1
072021091070  5
192168205130  5
192168211041  3
192168211043  1
072021206135  2
192168211045  3
023023137182  1
192168072125  3
185102219021  1
192168211053  3
066242015117  1
192168211054  1
052071225253  1
192168220011  6
107151003115  1
192168029043  2
015057072184  1
192168031004  3
052084133215  1
192168031007  2
040077226221  3
195190079241  2
173194027232  1
192168032128  3
192168032013  5
192168032131  3
192168032065  3
173194136167  2
192168032133  3
192168032002  4
034252182018  1
192168032117  6
192168010011  6
192168032004  2
054243080169  1
209167231017  1
192168032042  4
192168010133  6
192168032043  6
192168032077  5
192168032079  2
054244228103  1
050016214238  1
192168032085  4
192168081028  1
192168060218  5
192168040010  2
192168040024  6
192168040027  4
192168040038  6
074125155220  1
192168040041  2
192168142038  3
207046157065  1
192168040008  6
023010096034  5
192168041244  1
054230160171  1
192168041039  2
192168041042  5
192168042113  6
192168042134  1
192168125017  3
192168042035  6
045055120093  1
158085041203  1
054068119170  2
199016156052  3
208080054036  1
192168042081  3
173194136199  1
192168052014  3
172018001068  2
192168052203  4
069164223044  2
192168032126  1
192168052205  1
192168052039  2
107022230044  1
104091145094  1
192168052046  1
173194136217  2
192168060126  6
074125006051  1
192168010045  5
066150048058  1
108177011095  1
192168060127  5
192168060129  3
192168060147  1
192168180007  6
192168150003  3
023009049046  3
192168060172  6
052073135114  1
192168060037  6
065055223040  1
192168060050  5
052004176175  1
173241242143  2
192168060051  2
192168120040  1
192168060067  6
192168120097  1
005226176007  2
192168072111  3
052222217166  1
192168072114  4
192168010100  3
052202231182  1
069147092011  2
040077226223  2
192168072156  1
192168072167  4
192168127047  1
192168072035  2
192168072049  6
192168072127  3
192168072054  3
172018001211  1
192168142020  3
144076174102  1
192168072062  4
192168180044  4
192168072096  5
104244046135  4
192168072085  3
192099063085  1
054241191233  1
192168042028  6
192168081029  4
192168081048  3
192168081078  6
052049032011  1
192168180118  6
192168127019  1
091228167144  3
192168090108  4
098138081072  2
192168090014  2
185070212100  1
192168090150  6
054086014174  1
216058222084  2
172021001043  2
192168090028  6
192168090052  6
134170165251  1
096007012083  1
173194027202  1
192168090064  4
052022232002  1
052084133235  1
192168090075  1
192095033099  1
104020088174  1
192168032057  2
192082242021  1
192168120148  2
172217029065  6
192082242030  2
192082242050  4
192095032113  2
104244046071  2
088212244228  1
192168060090  1
192099021165  2
192168112006  5
198143165220  1
198232124196  1
192168072069  5
204011109068  1
192168180117  5
206054174007  2
216021013010  1
052001068112  2
208185050075  1
208080153224  2
054173069135  1
052084133081  1
208080054153  2
208080054070  1
190090221040  6
064233190189  6
208089012087  2
065055252202  2
208093230161  1
023111128145  1
216104218063  1
207046129137  2
216058222193  2
216033197073  1
192168050003  2
013032242089  1
216058219068  4
192168190048  1
216058222116  1
054175106065  2
023009051111  1
216058222065  6
192243250036  2
192168060035  2
023111155018  1
013076219191  2
023229189041  1
104131252046  1
023009051015  6
192168130069  3
023009058037  2
151101128084  2
023098150094  6
192168010132  3
031216144063  1
031220020135  1
068067178173  3
034202006218  1
104016083055  1
034204127166  1
038065020028  5
192168072041  4
038071008244  1
199038181060  1
091228167146  5
040114095106  2
040076001176  2
067220191010  1
040077226219  1
040097118178  3
054230161038  1
023009057074  2
065052108076  6
040097144074  1
040097145178  2
085114159093  2
040097156114  1
192168180095  2
040097159066  1
040097169010  1
104091145083  1
040097049178  1
172217020099  2
074125165113  1
040097085114  1
052015191169  1
031216145021  1
052167212123  1
052017051016  1
172018001212  1
052002105046  1
052085107048  1
192168060062  5
134170104154  2
104016077022  1
216058222238  3
052202159191  1
159203146116  1
052212084212  2
052216224203  1
192168060095  1
052054254118  2
052085107057  1
052055209195  5
052006212075  1
052006242093  6
052072226183  2
104091152204  1
052084132051  1
052054013078  1
052084132060  1
054230161102  1
052084133178  2
192033031070  1
054231236047  1
052084133024  1
050016229041  1
192168050020  4
052084133044  1
074006105009  1
052084133086  1
052084078234  1
017248137249  1
054165187021  1
192168125078  1
054165024088  1
074125031188  1
054237238206  3
173194212189  2
192168131044  4
054086195049  2
104016026235  3
013107004050  6
063241108104  3
169054178213  1
063250200045  3
052005151055  1
192168102030  4
064233186154  3
013084056024  1
064233186155  4
065052210135  3
192168130051  4
065055223048  1
065055252169  5
066150048046  2
192168072042  6
067210244100  1
068067178199  4
068067180138  2
069147082061  2
173192041036  1
069147092012  5
069016175010  2
072246049024  2
017167192225  1
074125107237  1
204079197213  4
074125165149  1
074125165232  1
074125165238  2
074125026188  3
192168180012  6
077234044023  2
054186194109  1
034200079239  1
050019244086  1
091216063241  3
173194027185  1
091228167145  6
192168060030  6
005035250080  1
010130006112  1
093184215035  1
192168010022  6
096007004174  4
023023135146  1
098138243053  2
192168180002  2
098138081073  2
063251210243  2
104020122036  1
065255035144  1
017154066155  1
104020019245  1
140205195057  1
034194083234  1
104024028104  1
023009061231  1
091228166148  6
159203170206  1
052084133168  1
107154193063  1
154053225034  1
158085224173  3
192168220101  2
192168090020  6
054225186185  2
169055074056  2
169055074057  2
173194027154  2
192168072136  6
173194027203  2
188092041206  1
190060012028  1
192168010097  1
192168130071  1
192168180063  4
192168131006  4
192168171015  1
192168032086  1
156154202036  1
066150048062  2
192168050022  3
192168127020  1
192168060171  3
192168042030  4
192168050023  1
192168060006  5
192168081042  1
192168072150  2
013074021252  1
146020133214  1
192227243230  2
104237191001  1
208093230191  1
192168142029  5
190060067041  2
217068069076  1
104091137177  2
192168032092  4
052067016217  1
040077016143  4
104025216018  1
192168032035  6
052084126079  1
068067178132  4
192168029041  6
208100017188  1
052084082193  1
052003034229  2
064235037096  1
031222072034  1
010230001090  6
068067178137  4
091195098204  1
010230001160  6
010130007123  2
093184216016  3
038065020026  2
104016016035  1
192168042083  5
096043151208  2
052035043119  1
054231080235  1
192168090135  4
192168220164  6
104016078166  1
104091138058  1
192168130053  2
209205212090  1
192243250066  1
192168010018  6
192168180049  3
104091149153  5
192168121081  3
205185216010  4
107151003108  1
052225128061  1
131253034240  1
134170111154  2
192168010249  3
134170053029  2
134170058123  1
192168041035  4
137116074190  2
023073171156  1
146020128219  1
151101000143  1
172018001103  2
067202094086  2
151101130002  3
192168010085  1
199027208036  1
023009054113  1
151101032134  5
151101033133  4
037252246003  1
008043072052  2
151101064143  1
104209188076  1
054230055115  1
192168131047  2
156154200036  2
023014085098  1
054077149176  1
216058222196  1
192168125166  2
163172113028  1
169046131128  5
169054178216  1
017253013203  1
192168032033  6
192168102014  6
170254228238  1
040116120024  1
172019001035  1
172022001247  2
008043072042  2
172019001042  2
173194136169  1
104043203255  3
173194136185  2
192168180058  4
173194027220  2
052165128160  1
176074182158  4
052085107007  1
040117145132  4
178063046205  1
192168110031  1
179001004205  4
185163109149  1
185181102043  1
008018025027  1
185086137032  2
074125155233  1
005196085129  1
185086139019  1
050007064242  1
190104197162  1
040097132002  1
190060067016  4
190090221017  4
190090221018  3
190090221027  4
192168130245  6
190090221049  2
190090221051  3
192229211003  1
192168010110  4
192168010003  1
068180134008  4
192168010035  5
192168010086  3
216137041063  1
192168010089  4
080082077083  1
192168010094  4
172017001033  1
188165134170  1
054221233207  1
067202094093  1
192168180067  3
173194141184  1
040097113178  2
192168010098  4
192168171012  2
192168121134  2
192168121140  1
093184215145  2
192168121045  1
192168125007  2
034197163181  1
192168125087  3
192168127004  5
192168180041  2
192168127040  1
192168120017  3
192168127061  4
192168041008  4
192168130003  1
192168130038  4
192168130050  4
151101192249  1
192168142023  3
192168180102  6
192168180111  6
192168142044  2
192168180119  6
192168220173  6
192168010124  3
192168180077  4
192168190055  2
192168205135  5
172018001061  1
192168029013  4
192168029004  3
013032188226  1
031013073002  4
192168032142  6
192168190002  2
190090221086  1
192168032048  3
192243250064  2
192168040015  6
216200233080  1
216058222078  2
192168040019  6
192168042052  5
172217017131  1
096007001002  2
172217029083  2
192168051056  1
172022001012  1
192168052115  4
192168060143  3
192168010117  4
192168060146  2
192168060074  4
192168142068  6
140234252013  1
192168072139  2
192168072153  1
192000077002  3
192168090063  2
173192202148  1
192168072031  6
034200195180  1
172022001050  1
192168072066  6
064233190154  3
192168081010  3
192168081017  3
192168081180  4
192168081005  2
192168090136  4
192168090104  6
192168090011  4
192168090012  6
157055056175  1
169055070244  1
074121142057  2
192168090002  3
023021086161  1
068067178252  3
192168180074  1
192168171008  2
172217030019  3
192168090164  6
194187098130  1
199187193140  1
104031003169  1
204154111116  1
199096057006  5
204155145215  1
212073228029  1
192168180004  6
192168122061  2
063245213025  1
212085039085  1
052020247142  1
104020027164  2
052092073010  1
149056016214  2
216058192098  2
154053224234  1
192168220106  5
096007003223  1
216058202237  4
052084132132  1
216058207142  1
192168010126  1
216058222107  2
216058222229  3
052054178035  2
010200007005  705
023000085117  1
023227137114  1
052201121023  1
074125170232  1
010230001069  4
192168081035  5
023227137042  1
138128173042  1
104019195102  2
010200001016  5
023004181163  1
094031029249  2
023004187027  4
192168032129  5
074119118071  3
192168072126  4
034197036238  1
098139021169  1
034198147095  1
198050153047  2
034198190119  2
034249132211  1
050031164173  2
192168010015  5
052000108100  1
052001110013  2
040097125114  1
052001173128  1
192168041044  2
172217030016  1
151101129108  1
192168072158  5
198185019211  1
052014066217  1
052015126135  1
052176045134  2
173241242220  3
052196142194  1
104025027030  1
173194027250  2
052002002080  1
023099109064  1
173194008006  1
052206053069  1
192168060080  1
052222215147  1
216239032021  1
052222217176  1
052222217185  1
052222217039  1
052222217094  1
052027085136  1
023000080199  2
052003174243  1
131253014192  3
052003034056  1
104215198144  1
067199248011  1
157055006071  2
104016023011  2
052003008241  2
052045232125  1
052045044056  1
031222077199  1
093184215187  1
052048030062  2
192168102006  2
052005084180  2
052067078191  1
192168110020  2
052071043244  1
052072047246  1
213196002001  1
054165189176  2
054088201119  2
054172146150  2
054173087027  1
192168205105  6
054243206002  1
054225222242  1
052005128129  1
192168142022  2
054084069004  1
064233186157  4
065052108231  1
192168131016  2
065052108090  3
031170161136  1
069175105163  3
054227248018  2
065055044108  4
192168121095  2
068067178243  3
173194027248  1
108174011065  2
068067180044  4
096007197077  1
052087063027  1
216058222227  3
074118186128  1
065052108136  2
192168052045  3
192168102010  3
075098070031  1
173194027251  1
087250250119  1
173194213095  1
168061189169  1
052086184220  1
091228166088  1
091228167133  1
052202033241  1
096007007029  1
207244100117  1
010200001140  2
192168120006  1
010230001004  4
192168010042  5
104244046167  2
192168220004  4
104025007012  1
192168010141  3
169055070153  1
107021250154  1
108177012095  2
151101000084  2
131253040050  1
192168081025  5
131253061100  1
131253061082  3
146020128077  1
149056241108  1
010200002062  1
151101000134  1
192168102036  1
151101000166  4
192168072088  5
192168010116  1
173231178115  1
010200001230  4
151101192166  1
013094212011  1
216194170145  1
172017001177  1
151101192064  1
192168090076  6
151101064084  3
157055240089  2
178033186098  1
157056052048  1
017110232046  1
216058222102  5
034205184044  1
192168180113  4
172019001187  1
104027184092  1
172019001030  2
172019001050  2
050115208113  1
192168060032  6
023009048167  1
172019001061  1
008030011134  1
172022001072  2
104016080166  1
173239042221  4
052202218135  1
173241244143  5
104091161122  1
184168184001  1
040121144182  2
185120147037  1
052176101183  1
185048081079  2
054230161239  1
054230161221  1
188165197106  1
184154051005  1
190005195106  1
179001004224  6
190090221041  2
191232080060  2
192168032138  1
192150019174  3
204079197222  2
192168010102  5
192168010021  5
172217026099  2
008018025021  1
192168010024  6
192168010049  6
074121142165  3
192168010063  3
192168102019  4
192168211034  2
050017222032  1
190060067098  2
192168120105  3
192168171005  2
013032244013  1
192168121077  2
192168122011  1
040077226218  1
208080054049  3
192168122020  4
192168125012  2
064210149056  2
104244043081  1
185086137043  1
192168125016  2
082165170196  1
192168125081  4
192173028226  2
199167065167  1
192168130002  5
172021001014  1
192168130054  4
192168010034  6
104016033227  1
192168150016  2
192168171014  2
052002056173  1
192168190120  1
192168202016  3
104016032227  1
192168202007  4
192168220103  3
066150048057  1
192168220158  4
052200028220  1
192168029039  1
154053225090  1
192168029056  5
192168032050  6
208080153240  2
192168042010  6
192168052013  2
192168052038  2
192168060033  3
192168032101  5
158085224172  1
192168010077  5
192168052061  1
192168060117  5
192168060017  4
192168060128  5
192168072052  1
192168180017  3
212224117010  1
173194027188  1
052022237183  1
192168125216  2
192168072098  5
208092052193  1
192168090147  6
216058202227  3
195154102090  1
195008215136  1
052085107210  1
198148027083  1
108160172238  1
200014232020  1
052001215098  1
208080054027  1
104244042130  1
209205216202  1
216033197057  1
074125165206  1
216058222232  4
216058222077  5
217163064077  1
010230001162  6
217070180130  1
172019001046  2
023099113163  2
192168050005  6
151101066002  3
031216144015  2
104020132004  1
031216145056  1
050016225020  1
031222072037  1
031222072043  2
095101029030  1
173194219094  1
034194071039  1
034204026171  1
098138049044  5
040117226146  4
040118061204  1
151101002049  2
023009061213  2
040077224008  1
064004054022  1
172018001221  1
040087065131  2
050097149090  3
192168180043  1
192168090123  4
052001152144  1
052015061019  1
052202115200  1
052015068111  1
052203043221  2
052203099162  1
010230001021  5
172016255183  5
052204179157  1
052204070129  2
052206032146  1
069147082060  1
173194143212  1
052216080027  1
052222214064  1
052024139120  1
052003130132  2
052035149230  1
192168090101  3
052036025041  1
052041107152  1
052054254124  1
074125165202  1
052006061232  1
192168060174  6
052087066130  1
054149074139  1
096007006197  2
192168125164  1
149056023231  6
094031029254  2
192168081007  2
054174221255  1
054068047234  1
035164201173  1
054088039232  1
054088053255  1
192168195034  6
066119144157  1
192168032073  6
066150048055  1
023034057137  1
094016003143  1
066235139206  1
091228165081  1
068067178110  2
192168180064  1
054192055011  1
068067178196  4
172021001044  2
068067178246  3
192168131029  5
068067180012  4
074113237038  2
104016103029  1
054232114245  2
074119117091  4
179001004244  6
192168180035  4
074125165105  1
074125165204  1
172021001050  1
192168010002  3
010230001239  6
008030011014  3
093184215082  1
010130010215  2
010130012118  1
010130015197  1
192168142006  2
172019001091  1
010230001070  4
052202203061  1
192168127065  5
131253061064  1
104016025235  2
104196131150  1
104244043241  2
104091165150  2
173241244199  1
131253061084  3
173194141172  1
131253061098  1
149013017014  1
052071069109  1
154053129047  1
169045253037  1
179001004230  6
172018001107  1
172018001213  1
172019001018  1
172021001013  2
166078109115  1
172021001016  2
172217029046  3
008043072098  1
173194136171  2
173194024008  1
173194027152  1
192168102003  3
173194027155  2
107021037012  1
192168090090  6
173194027171  2
198232127139  1
173194027186  2
174037199163  1
185181102038  1
172018001065  1
191232080053  3
192168081138  4
192168010104  3
185120144196  1
205196123094  1
178255083001  3
192168010105  3
072246208093  1
192168072141  2
192168010128  4
069031054132  1
192168120043  2
192168121076  3
052006024051  1
192168122012  2
192168122048  3
192168122075  2
192168125118  2
192168130052  5
192168127011  3
192168127013  3
192168090128  3
192168127015  2
192168127059  1
192168131002  6
038106010133  1
192168127066  3
008043072044  1
098158099143  1
192168090068  4
192168127007  1
074125157209  1
149056030056  1
192168127081  3
052001027141  1
052222214027  1
192168142017  5
040114054223  4
192168142055  3
074125107210  1
192168180108  2
192168180145  2
192168180091  1
192168195065  4
096007001198  4
192168220109  4
192168032044  4
192168041003  4
010230001199  5
192168052057  6
192168060118  6
192168060091  2
192099016092  1
192168072075  6
052007162124  1
216058222197  6
192168090109  5
074119118094  3
192168090119  1
192168127075  1
192168090132  5
192168090070  4
192168081027  3
192099063075  1
193235203195  2
198041030197  1
198011132225  1
168176036020  1
200025059096  1
208080054040  3