098139021169  1
096007006197  1
095183001131  1
094100180236  1
091228167026  1
082207175058  1
078109095020  1
074117199102  1
068142111111  1
068142111109  1
067210244221  1
066242015235  1
065254168130  1
063251028160  2
054085233246  1
054070139157  1
054068016133  1
054235123230  1
054231072034  1
054231040195  1
054197247133  1
054175095086  1
054160085222  1
054148092077  1
052084081196  1
052084133055  1
052084133144  1
052084132076  1
052073159023  1
052073141036  1
052071229141  1
052059147153  1
052055118213  1
052045011250  1
052225128100  1
052216081040  1
052206194064  1
052201002010  1
052002005150  1
052018179050  1
052001096098  1
052001184032  1
050019247135  1
034198075217  1
023092189052  1
023009053064  1
023056003183  2
023032206218  1
023023161112  1
023021084138  1
023101169175  1
023010097183  2
216058222073  1
216058209099  1
216058202227  1
216039055013  1
205251072175  1
198054201015  1
192099063073  1
192099019008  1
192099016113  1
192168081141  3
192168072142  1
192168072121  2
192168052003  1
192168041022  1
192168032095  3
192168032086  4
192168180025  2
192168171015  1
192168130090  1
192168122062  4
192168122060  2
191234072188  2
188065124058  2
185163111131  1
176034105248  1
173194136169  1
172217006035  1
172217029046  1
172019001066  1
172019001057  1
172019001046  1
172018001207  1
158085224174  1
148251083020  1
146088138094  1
138197231079  1
138197231118  1
132245071178  1
131253034252  1
109232196060  1
107023130050  1
104094253151  1
104091163229  1
193146056051  1
104091142207  1
104091133132  1
104254150004  1
104020005191  1
104020000147  1
104196113153  1
104196106039  1
104016026216  1
104154127143  1
104154126038  1
096007007220  1
074006047080  1
074125165150  1
074125134091  1
074125134190  3
074125001082  1
070042132021  1
066235147244  1
064233186156  1
054243147189  1
054233086229  1
054225108005  1
054209079201  1
052084082076  1
052084133249  1
052084132158  1
052005137031  1
052005125080  1
052044176049  1
052044151048  1
052042184064  1
052022179085  1
052020233156  1
052000054155  1
040114095106  1
037252248072  1
035164196018  1
034202105091  1
034194004173  1
031216147134  1
023009053019  1
023032196079  2
023023230009  1
023227038064  1
023021081100  1
216058222229  5
216104218157  1
213155156180  2
212224106248  1
210128243051  1
207182153238  1
074125165149  1
204079197213  1
204237174059  1
199244049016  1
199187193002  2
195008215227  1
195008215136  2
192168090075  2
192168090050  1
192168081048  3
192168081047  6
192168081135  2
192168081133  4
192168081111  6
192168072071  1
192168060096  4
192168060147  2
192168052074  1
192168041024  1
192168032071  1
192168180076  5
192168180057  1
192168130051  1
192168128054  2
192168125030  1
192168010145  1
050017078090  1
190098133224  1
190144216075  2
185086137017  1
176031225085  1
054084183163  1
173194027183  1
173194166108  1
173193027132  1
052084133205  1
172019001056  1
172019001034  2
054175214091  1
172018001041  1
172018001216  1
172018001213  1
168090015225  1
172018001204  1
172017001113  2
052233177007  1
169054033154  1
205217167018  1
169045071110  1
157056052044  1
157055235150  1
157055109232  1
151101064207  1
144076209249  1
140177016021  1
111221077142  1
108168186024  1
104091150142  1
104091141018  1
131253034233  1
104044088024  1
131253014231  1
104024004046  1
034202052200  2
104020002047  1
104020195042  1
104020000004  1
104016079166  1
010200001227  2
010130008020  1
010130012023  1
008043072097  1
091199101040  1
091134186024  1
091134186022  1
087098228078  1
081171112054  1
080085085173  1
008253068087  1
074125107241  2
074125107208  1
072052084206  1
069042111242  1
069031054147  1
068067178250  1
068142102096  1
066132206023  1
065055223028  1
065055118092  4
064233186154  4
052044006141  1
054084084191  1
054231082138  1
054231049140  1
054231032082  1
054230038236  1
040097150098  1
054225134039  1
054192037089  1
054192037088  1
054192037051  1
054192036091  1
054192036139  1
054152141006  1
052072226183  1
052070053048  1
052055064138  1
052055212072  1
052044011177  1
052022164077  1
052021153125  1
052203043221  1
052019035125  1
050031185052  1
050017063078  1
005057016100  1
046105202158  1
040077232090  1
038113165113  1
035163202160  1
031216145046  1
023099109044  1
023092028110  1
023020149182  1
023001113084  1
216058222067  1
212083168196  1
208093230202  1
206054177210  1
205196120212  1
204002254230  1
200009128083  1
200013225137  1
193105125090  1
192096201097  1
192225158001  1
052044034181  1
192168081036  6
192168081020  6
192168060094  1
192168060166  2
192168041046  3
192168032152  5
192168220182  3
216058222116  1
192168190048  2
190060067072  1
192168180141  2
172019001030  2
192168180110  1
192168130091  4
192168130077  2
192168130071  1
192168130036  3
192168127067  3
192168127030  5
192168122008  3
192168122010  1
192168121074  1
192168102018  1
185094084116  1
173239042221  2
172217029039  1
172019001060  2
172018001081  1
052084155211  1
172018001039  1
172018001224  1
172018001202  1
169055074049  4
169045141186  1
162247242019  1
157055056172  1
157240000005  1
154053225042  1
154053225030  1
151101192068  2
151101128207  1
151101000133  1
141170025054  1
108166000201  1
107023087215  1
107178247183  3
107178242085  2
074125003007  1
107152027219  1
104025186025  1
104244055020  1
034193112215  2
104218072013  1
104215146200  2
104209188076  1
091216063240  1
091189095083  1
008043072052  1
008043072042  1
077072118213  1
074006105009  1
074125165179  1
066175096009  1
066150048054  1
065055223045  1
023032208014  1
054085236232  1
054084163033  1
054230161056  1
054172007186  1
054165147101  1
052054236216  2
169045071046  1
052054141001  1
077234044199  1
052005255149  1
052048126066  1
052041230224  1
052004078167  1
052004177129  1
046105202039  1
046101012197  1
040097151018  1
040077026036  1
040077228074  1
038113165145  1
035163114185  1
052084133101  1
031216145074  1
031216144052  1
031216144046  1
031216144018  1
172018001022  1
023001115033  1
216058202231  1
209058153106  1
200025054129  1
199091154158  1
052205083136  1
052055176027  1
192168090009  5
192168081101  3
192229211040  1
192168060048  2
192168052002  6
192168042134  3
192168041013  2
192168031007  3
185168113138  1
192168220178  2
192168220170  5
192168211053  2
091211096037  1
192168211031  2
104020002112  1
192168211022  1
192168180031  4
192168180102  5
192168130092  1
192168130088  2
192168130078  2
192168130034  1
192168130031  5
192168127081  1
192168125010  4
192168122027  6
192168010067  1
190090221027  1
190060067075  1
190060067074  2
173194060053  1
173194141216  1
172217029038  1
173194054141  1
172217023227  1
172019001032  2
172018001073  1
172018001067  2
172018001060  1
172018001010  1
169055069150  1
168061172071  1
162125004007  1
172018001085  1
162125004005  2
154053225050  1
152163051003  1
068180240052  1
149005000074  1
184072252062  1
148251066238  1
146020129049  1
185072157178  1
146020129185  1
140205195050  1
137116172209  1
013074036122  1
013074028186  1
107020223203  1
104024025107  1
104238093198  2
104196214123  1
040076001176  1
096007008254  1
095211099135  1
095154251121  1
094031029096  1
091190216059  1
172021001013  1
091189089144  1
091189088162  1
088212243044  1
008253165248  1
008247103225  1
074125009114  1
074125003122  1
074125003119  1
104244043241  1
074125165074  1
074125165241  1
074125165134  1
031216145044  1
074125165115  1
074125165109  2
074125107239  1
074121138059  3
072030002181  1
052003207036  1
070042073075  1
107022246216  1
052049041160  1
067220182010  1
066035058075  1
066242015123  1
066150048033  1
065055138112  1
064004027050  1
064233190102  1
063251240012  2
023009057115  1
192168125165  2
054085156114  1
013068088129  3
054069100200  1
054236194099  1
054236163011  1
054231098176  1
054230161160  1
054225130208  1
054209035161  1
054191011118  1
054165093073  1
052084133046  2
192168125025  2
082223037073  1
054164077057  1
172017001245  1
054164175215  1
072021081131  1
052094216048  1
052086152249  1
052085107246  1
052085107134  1
052085107100  1
054210158194  1
052084129071  1
052084127126  1
052084126106  1
052073095085  1
052073225139  1
052071050090  1
052006184245  1
200034171044  1
052035159155  1
052025063142  1
052216065096  1
052207203148  1
052204090056  1
052204153150  1
052201190075  1
052020156183  2
052018111223  1
052015062156  1
052015188019  1
087098230193  1
052014182234  1
172019001047  1
052014180092  1
172017001109  1
052014163225  1
052001009141  2
190060067041  1
046105174042  1
046105117111  1
040077226219  1
040123043195  1
035164201173  1
208092053092  1
034206124248  4
052204180247  1
034204086078  1
034203092001  1
034200201037  2
034197154162  1
034196247060  1
034195098041  2
034195037037  1
034194107160  1
023099121207  3
185152066024  1
023092189247  1
023009062012  1
023009057204  1
023009056087  1
192168010013  3
023009053045  1
023007052243  1
023067203047  1
023004059027  1
023039137043  1
023032201128  1
023023096015  1
023023233087  1
185188032004  1
216058222082  2
031216144034  1
216058212227  2
216058207078  1
216200232014  1
212072060178  1
208088225069  1
208081233048  1
065052108182  1
208080054077  1
207241224002  1
204086118021  1
204002197211  1
200002092034  1
200122238058  1
200122238031  3
198041214187  1
195002248206  1
108161188209  1
192185013060  1
192168090069  2
192168090057  6
054209100134  1
192168090056  4
192168090018  1
192168090143  2
192168081070  2
192168081018  3
192168081130  2
192168072139  1
192168072111  1
192168060102  6
192168052009  6
192168052078  2
192168052055  1
192168042091  2
192168040044  1
185168112103  1
192168040043  6
192168032123  3
192168180070  2
172018001071  2
192168171011  2
192168150036  2
192168131043  4
192168131022  3
104091137177  1
192168130099  4
192168127029  2
192168125057  1
095101028102  1
192168122017  2
192168012004  2
078138112035  1
192168102033  3
192168102025  4
192168010090  2
192168010147  2
192168010138  1
192168010114  2
192168010103  2
190090052082  1
190131228229  1
185066173231  1
184073198200  1
172019001176  1
178250002078  2
178162219059  1
174037199163  1
173194027235  1
173194184009  1
173194136215  1
209085224120  1
173194130235  1
017188149047  1
017110232045  1
167088154169  1
158069125199  1
157055056147  1
157055130176  1
157240000052  1
154053224162  1
151101064249  2
151101193108  1
151101192194  1
151101000143  3
015217049156  1
146020129150  1
146020128227  1
192168102012  1
144217070037  1
052085107071  1
134170058123  1
131253061068  3
052184155206  1
130211018083  1
130211014080  1
013058007218  1
013107005088  2
052084132244  1
013107005080  3
109232195156  1
192168090061  6
108161188224  1
052030179143  1
107021250224  1
104091129170  1
104244042193  2
138197231129  1
104244042129  2
104019194102  1
104019192102  1
010230001015  6
045079212082  1
010130003073  1
010130003216  1
099198117213  1
096007008073  1
074125165175  1
074125165138  1
074125107198  2
074121138156  1
072246209248  2
068067180143  3
066035058086  2
031216147159  1
066150048018  1
064124217061  1
063251088056  1
054235155000  1
054230161140  1
054230161121  1
054230161116  1
054210170187  1
040118061204  1
052085107123  1
052085107108  1
052085106072  1
052073182032  1
052005187126  2
035167128206  1
052084133242  1
052219020038  1
052216082112  1
052216224155  1
052201129203  1
052020183110  1
050097172202  1
050017193239  1
040127169165  1
046255106162  1
054225204093  1
046231001059  1
038090226037  1
035186213138  1
031013073036  1
023009057173  2
023023249155  1
023023204145  1
023021175135  1
216058222110  2
216033197057  2
212072060177  1
172018001047  1
209085224139  1
209058153116  1
209225049080  2
208073202049  1
206079205137  1
195081202119  1
193138094114  1
192185110173  1
192168090127  2
192168081058  3
192168052004  2
192168041011  2
192168032013  3
172019001174  1
074120148204  1
192168220185  1
192168180138  3
192168171027  1
192168127051  6
192168127044  5
192168127014  6
192168125072  1
185163110100  1
192168010123  2
192168125071  1
192168125018  4
192168125173  1
192168125122  1
192168130042  2
192168125104  2
192168122069  3
205196120008  1
192168122045  2
192168121079  2
192168121109  2
192168120005  1
192168120030  1
192168102016  1
188042197180  1
192168032093  6
176009204152  1
045079148023  1
173241254199  1
173194054012  1
168063134075  1
173194053022  1
173194027172  3
173194214139  1
173194214102  1
209085224123  1
172217029084  1
017253013203  1
192168090133  2
017188136029  1
162125017005  2
130211009172  1
159127042201  1
155254030157  1
154053225086  1
023001120209  1
154053224186  1
152115075210  1
151101064154  1
192168040041  6
146020132214  1
144217071089  2
144217103075  1
151101000065  1
136179015200  1
129144051227  1
031216144071  1
111221077148  1
107178255114  3
107178240089  1
104091136057  1
104091146087  1
104091129122  4
104020062049  1
104016207165  1
103025052097  1
010130004078  1
208092052196  1
095213004196  1
091121096021  1
089046103198  1
008253048248  1
008253149121  1
008249067254  2
077067109164  2
075126104177  1
203073025241  1
074119118067  1
072246210235  2
069164000128  1
069016175042  1
066242015127  1
066235147240  1
066235139207  1
066235139205  1
065052108154  1
054241191238  1
054230161228  1
054213002218  1
054165046043  1
054165021073  1
192168072141  3
052085107078  1
052085107023  1
052085107203  1
052085107165  1
052085107135  1
052085107110  1
052085107107  1
052007085020  1
052007063101  1
052054254118  1
052054139252  1
052051147070  1
052030186038  1
052225133226  1
136243003005  1
192168060140  2
052211024252  1
052176058124  1
052001014213  2
050022046025  1
064111199222  1
046229172072  1
034197163181  1
034197153163  1
031216145087  1
031216144057  2
023092189243  3
151101002049  1
023009061213  5
023007127029  1
023007124104  1
216058202237  5
172017001111  1
216058202235  1
216058192110  4
209225049057  1
208093230026  1
199083135133  3
104244046199  1
198057188247  1
193110128109  1
040069064209  1
037048082080  1
192168090140  5
192168060091  4
192168052016  3
192168090034  1
192168050020  4
192168180123  6
192168130033  6
192168127049  1
192168122039  1
192168121045  3
050019201048  1
192168010129  5
190060012028  1
052002160130  1
199233057018  1
190024129012  1
184172240210  1
192168121029  2
190216157100  2
185086138069  1
031216144055  1
185019040106  1
173194027231  1
173194027217  1
192168130024  1
173194027155  2
173194141220  1
173194136172  1
172217008195  2
172018001227  2
017188165210  1
169055074057  1
169055069156  3
168062032206  2
017139246006  1
168176005042  1
173194212136  2
052010239169  1
162247242018  1
157253237107  1
198232125113  1
154053224202  1
151101128068  2
151101001034  2
148251055148  1
140234254011  1
137116162142  1
131096055077  1
130211147161  1
052018045212  1
130206031020  1
129144061039  1
107021248242  1
104020076018  1
104197180223  1
104196218093  1
104016063054  1
104016165050  1
192168220181  2
140205060010  1
010130005245  1
096043151080  2
095131143115  1
023200011134  1
190248061104  1
091190217145  1
008253184097  1
052084133035  1
008253183248  1
074125031189  6
074125003010  1
074125165151  1
074119118085  1
072030003043  2
198232125081  1
072030202150  1
072246210157  2
192168032016  2
216058202242  1
209205219242  1
066007211018  1
031216147135  1
066150048040  1
054083154186  1
192168151006  1
066150048039  2
065052210135  1
052058205045  1
052085107193  1
065052108092  2
186155029070  1
185168113129  1
065052108206  1
054229251073  1
065052108195  1
064233186155  3
063251210247  2
172018001069  1
054076253168  1
054230162090  1
054230161049  1
054230161114  1
054230161011  1
054174174019  4
054167238223  2
052084126181  1
054227236092  1
054165080200  1
054239017112  1
054165024088  2
190008176162  1
052086021054  2
052085107187  3
216058222228  2
052085107138  1
069147082061  2
052073055191  1
169054033157  1
052233181028  1
192168125114  1
052225133138  1
172217005014  1
052216225224  1
074125165070  1
052216224128  1
052209088145  1
054230161053  2
052207048173  1
131253034230  1
052206240010  1
052203158046  1
052200140034  1
192168121203  2
052200104015  1
052020041184  1
052167221184  1
186113014051  1
052015109156  1
052001110013  2
040079073139  1
040077226220  1
104154126110  1
040122168103  1
038065020028  2
034202240238  1
034200196007  1
034200165012  1
031222073165  1
031216147156  1
204236200114  1
023007125169  1
052011243102  1
023067026223  1
023067020097  1
023039133011  1
023032195216  1
023023086010  1
104091143083  1
023023084073  1
023102004253  1
216246013191  1
212072060152  1
208092055071  1
208080054235  3
208100017185  1
190216203086  1
207244086068  1
206054177234  1
206191159168  1
206191159167  1
204237174066  1
204154111109  1
200045235013  1
200122238041  1
200001173138  1
199083135208  2
054086197253  1
087106251021  1
199166000200  2
074125170074  1
199016156201  1
199016156120  2
198023109210  1
052003028244  1
192229163025  2
192186234162  1
192168211030  1
192168090070  4
192168072154  4
192168041037  3
192168041034  4
192168041028  4
192168090123  2
054147217204  1
031216144061  1
192168180043  2
192168180028  4
192168125007  2
192168125048  4
192168125004  1
192168125024  1
192168060067  5
192168120040  1
192168127031  1
192168110005  2
192168102027  2
192168010249  4
107021250154  1
192168010141  1
192168010128  5
192168010119  2
190242131074  1
190210009072  1
185123142140  1
185120144228  1
184073197174  2
023021094093  1
184073170121  1
184154183199  1
052021252101  1
174136099021  1
066155012131  1
091215100040  1
173199147120  1
173194027204  2
173194166184  1
172022001072  1
052088188234  1
172022001014  2
172217020099  2
131253014227  1
172018001220  1
169054033191  1
216058222083  2
169054033180  1
169053029152  1
167249040106  2
172217024003  2
153092042003  1
167114174063  1
161069045059  1
159253176035  1
157055056167  1
157055056159  1
156154202032  2
154053225014  1
151101128084  2
131253040050  1
151101000084  3
185168112066  1
151101000249  1
172019001036  2
148251023142  1
148251012230  1
052165033140  1
140234254036  1
140234254150  1
192168112008  5
138201048253  1
138108007020  1
013092198025  1
013032244042  1
054192039067  1
109232197110  2
108177012155  2
107178253132  2
104091165150  1
104031009155  2
104025251109  2
104244046071  2
104024029035  1
052202064022  2
104196189120  1
104018040157  1
104016067157  1
052067194174  1
010200001044  2
010200001197  1
098138081072  3
008043072072  2
008253069241  1
074125165184  1
074119117094  1
074119117072  3
074119117066  3
074113233180  1
072246211062  1
072021091042  1
052000184249  1
072021081228  1
192168120043  2
069031054132  2
104192110244  1
066085088174  2
104045226254  1
065052108228  1
065052221179  1
064233186157  3
054094252097  1
054069041017  1
192168121026  1
054069029166  1
054235191159  1
054229100199  1
054215171170  1
054204027231  1
054191035250  1
054145002254  1
052045159228  1
052038005243  1
052031097114  1
132248103193  1
052022128168  1
091121208105  1
052216227099  1
052015195190  1
052112064032  1
052001237017  1
173194057074  1
050017245112  1
031222074036  1
040069065145  2
034224183247  2
034207014110  2
150214204201  1
034193033038  1
192168010121  1
031216145081  1
031216145105  1
031216145104  1
031216144089  1
031216144074  1
031216144024  1
023009051015  3
023074002104  1
172018001105  1
023053122194  1
172018001020  1
213004096093  1
104091149137  1
212072060153  1
210128243081  1
208080054155  1
052166118241  1
204155159038  1
034207031016  1
202221128071  1
052203092223  1
201232123009  1
199217113144  1
195081195054  1
193235206022  2
192030253113  1
192168081017  4
192168081100  3
192168072069  6
192168072064  6
192168072056  5
190144152162  1
192168072150  2
192168060016  4
192168060149  1
081222128011  1
076013028196  2
192168060106  4
192168052048  1
091190217044  1
192168042095  6
192168042074  6
010200001114  1
192168040042  6
192168040039  5
192168032079  5
192168032073  4
107021249135  1
192168032135  3
192168032115  2
192168180099  6
192168180088  2
192168180029  5
192168190120  1
192168180120  6
192168142069  2
192168142049  4
192168131047  5
064012228031  1
192168131041  4
192168127066  2
192168131002  4
192168131019  3
172018001090  2
192168131018  3
192168130020  2
192168127064  1
192168127006  2
192168127010  6
192168125084  2
052084133034  1
154053129051  1
192168125016  3
192168125102  1
063141200100  1
192168125101  1
192168122029  2
192168122026  2
192168121009  2
192168121068  3
192168121058  2
216058222075  1
190006170011  1
192168121130  1
192168121107  2
008043072062  1
192168120093  1
192168112016  6
192168110022  1
072021081048  1
192168010093  3
192168010049  4
192168010136  4
192168010131  1
063251085025  1
192016048200  4
185120147002  1
173255138219  2
173194027233  1
172217006238  1
172217029045  6
172217017067  2
054230161227  1
172019001177  1
104091138177  1
013058091139  1
172018001212  2
172017001177  2
023227138002  1
172017001103  2
162125017132  1
074125026189  6
157055056160  1
154053224218  2
015057072184  2
192168041035  3
137116074190  3
137116172226  1
013107018011  1
107000022034  2
104045136042  1
104024016084  1
192168060043  1
023032198180  1
104154126005  1
104154126209  1
098138081073  2
096007007029  3
083231151074  1
054084084048  1
081021067010  1
075098068039  1
151101064194  1
074125001152  1
054225145079  1
052225131139  1
052200104185  1
074119118074  2
069164026026  1
074113233187  3
066110049034  1
072030196161  3
200031212025  1
072246208015  5
068067178197  3
068067178111  2
068142111118  1
068142111114  2
023009058177  1
065055223041  1
065052108217  1
192168127025  1
065052108194  2
065052108190  1
108168178150  1
185168113157  1
209085224153  2
063251024065  1
054086005027  1
054239017116  1
098138047034  1
054235178233  2
054230161168  1
054230161163  1
054209193145  1
054230161150  1
054207042099  1
035185054157  1
054203254010  1
054197031078  1
054192160165  1
054175101067  1
173194131139  1
052085107163  1
052070250015  1
052005054187  1
192035249120  2
052216018096  1
052213120027  1
052204176052  1
050017160061  1
050115116064  1
038113165110  1
005039073179  1
023195080054  1
072021091070  2
040097157066  1
054243094115  1
040097142002  1
040077226223  2
074125165141  1
040122162208  2
040117100083  6
035167163238  1
108177012188  2
035162207140  1
034252065033  1
192168029043  1
034203085254  1
192168010120  2
104091165106  3
066150048061  1
034199172124  1
023092189245  1
023009054218  2
107023070175  1
023009052014  3
023009051205  1
198008070209  1
178250002085  1
023062169027  1
151101128143  3
023023220195  1
023023212135  1
023023135088  4
172019001198  2
023023101079  1
104196209138  1
052165129211  1
023101158111  4
217146013052  1
052073137156  1
216058222071  1
216058222070  2
192168060023  3
216155194056  3
085233097214  1
052045217171  1
216109112213  2
209085224151  3
208080054028  2
208080054147  1
040078097039  1
208076051082  1
178249097070  1
208043087030  2
208185050090  1
208185050080  3
066235139206  1
206079206029  1
192168130057  2
205251206082  1
074125001155  1
205185216010  2
204069221033  2
201234181059  1
199016156041  2
192168122148  3
198185019046  2
193235051113  1
200035032003  1
074125170187  1
192243250084  2
192229211156  1
192030253125  1
192168090008  4
192168090044  2
169055074056  1
192168090020  6
192168090153  5
192168090114  3
192168090103  2
104091163153  1
208082016061  1
192168081031  6
192168171004  1
192168072077  2
157055130163  2
192168072242  2
192168032055  5
034203148213  2
192168072182  2
054230161170  1
072030002074  1
054230160148  1
054219189243  1
172018001092  2
031222077164  1
054204155045  1
131253034237  2
192168081138  4
192168010104  5
096007010184  4
054192161118  1
151101064166  2
034200063072  1
034195064246  4
023039139235  1
054166056009  1
134170104154  1
192168060062  1
104215198144  2
054152201244  1
005196119249  1
179001004209  5
054230161038  1
023009057074  4
010130013188  1
040097118178  4
209085224155  2
052004012239  1
192168010098  3
040097113178  2
052051111148  1
052003055179  1
192168060006  6
054084069004  1
107022168227  2
035187035040  1
192168040027  5
072246049024  2
052216226136  1
054173136145  1
091192108123  1
052216225160  1
052203082044  1
052021133017  1
052054009144  1
192168060074  6
052019110068  1
034205213122  1
052176045134  2
054225137111  1
040097156082  1
052165132029  1
050097149090  3
192168041021  1
045032002092  1
023001114216  1
192168102011  6
216058202238  2
192168060042  6
040087065131  2
040077228092  1
188172219074  1
023034025219  1
192168142055  4
040114054223  4
010230001075  6
035185026018  2
104244055019  2
192168032038  5
034249132211  1
035186244130  1
192168127073  1
034197207183  1
034197108126  1
195154184146  1
192168180016  6
185040235028  1
034196150080  1
192168102034  3
034192059112  1
172017001200  2
192168052012  1
031013073007  5
192168130032  6
192168052018  2
031013073002  3
149056030200  1
192168029004  2
072021081253  1
192168072102  1
023020041188  1
216058222098  6
192099016044  1
149056021090  1
216058222077  3
216058222069  6
169054033134  1
052021027087  1
172018001074  1
172018001037  1
038090226011  6
192168060047  6
052071050227  1
052086023125  1
192168090082  6
190090221074  1
216058222208  2
209205217043  1
216058222105  2
104196202142  1
192168052204  5
054230160251  1
216058222102  5
174129254127  2
192168032134  1
204236239173  1
192168072046  6
216058202230  5
052040179197  1
216058202243  5
216058202234  6
192168040019  2
216058222078  2
192168032015  6
023009048073  1
172217029050  1
209205216234  1
208093230018  2
192168090110  6
179001004204  4
207200074133  1
173194141187  1
205185208078  1
204154111112  1
192168127018  4
077246188091  1
204013192211  1
202055009053  1
023009063137  1
185026183130  2
200031019078  1
204013192177  3
185144083169  1
104016204165  1
192168032119  4
104020089174  2
198051152184  3
031216145069  1
198232125123  4
198148027083  1
040097137146  4
198134116050  1
193235032166  1
154053224250  1
192173028060  3
179001004223  6
192168032034  2
052094232032  3
192168090099  5
192168090098  4
208080154224  3
104208031113  6
192168090090  6
160046244117  1
148251083016  1
192082242050  4
192168090088  2
192168029033  5
192168090083  6
192168090074  6
192168072119  1
192168041005  5
169055069157  2
192168090052  6
054165098180  1
192168130048  6
184073196217  1
104091130157  1
173194027202  3
192168090046  5
192168052034  1
192168090035  6
190217108027  1
040097116082  2
172019001225  2
192168090141  5
152061133130  1
192168125053  5
023001112060  2
192168090106  1
192168131024  6
192168060171  1
192168127020  1
040077226224  2
192168130058  1
054209032107  1
192168081005  3
013093147083  1
192168081003  6
192168042011  2
173194136184  1
167114170147  1
192168081002  5
192016048207  2
052085107094  1
054230161117  1
104208156039  2
192168072094  6
093184216203  1
192168180030  3
151101064175  1
192168072078  6
066035058088  2
192168130094  5
052233183071  1
013074173173  1
069031054148  1
192099016092  1
192168072075  6
190248049014  1
192168072065  6
192168072053  2
054192037116  1
192168127085  2
052017197169  1
192168041017  5
158069141090  3
013075106000  1
074119118086  6
052072013151  1
108174010019  3
192168072050  6
010020005005  4
192168072047  6
179001004206  4
052211213255  1
192168072044  5
151101192143  2
031216144044  1
192168072043  3
178162220102  1
216058222097  6
185129044016  1
192168072042  6
192168072167  5
192168122034  5
192168122023  2
192168180006  6
074125165084  1
054230161094  1
192168072145  2
192168122031  3
172019001143  2
010230001045  5
169045141182  1
192168040030  6
068067180045  1
158069228114  1
169055074045  2
091193247031  1
054237238206  3
074125031188  1
192168060002  6
192168072114  5
192168072113  3
192168072110  6
104091131115  1
107154107040  1
192168050034  3
192168125039  1
192168090151  5
173241244212  3
192168110017  6
192168072101  6
192168131027  1
192168060079  5
192168072118  3
192168060077  1
054172137181  1
192168090091  3
052071196254  1
192168060073  2
052085107014  1
192168041006  1
034204152104  1
052003064241  1
192168060044  6
192168220191  6
072246056129  1
179001004208  5
023009052176  2
104016022035  1
192168010054  5
052094232073  1
192168060039  5
192168060029  6
192168060227  3
192168032080  5
040079082019  1
192168220154  6
192168090089  6
192168180090  5
104040017139  2
010120001191  4
192168060218  5
192168150039  3
052006176168  3
172018001029  1
052085107121  1
013074172186  1
052022202224  1
046105199002  1
192168060157  5
054182215070  1
152163050003  1
192168060137  3
192168060132  6
192168180079  4
173194017106  1
023032200032  1
010200002211  1
131253061096  3
094031029054  2
192168060127  3
052004036032  1
172018001084  1
158085224180  1
192168060124  6
192168090124  2
054214005231  1
040096000114  1
192168060105  6
192168060026  6
146020129128  1
200001127179  1
023009048167  1
023062171158  3
192168060032  6
192168131010  6
173194027184  2
192168052051  3
208080054040  6
052014180097  1
065052108136  1
192168052045  5
216033197098  1
040097085098  3
192168052039  5
192168072041  5
192168052026  6
172022001012  2
192168052115  5
192168052105  6
192168042114  6
035186199248  1
104016076166  1
054175121125  1
216058202226  6
040097155018  1
023097150021  1
192168042082  6
192168042081  4
192082242023  2
151101064134  2
192168032027  4
172217029035  2
192168042076  6
052003065055  3
192168042075  6
054208046060  1
104196142190  1
216058211099  4
172018001221  2
098139199205  2
192168220005  5
031013073049  4
192168042068  3
216058202225  6
192168042066  3
192168042062  6
192168081064  2
192168090029  6
052204186031  1
192168042057  5
054173010244  1
172018001063  2
064233190155  4
192168090081  3
035185004036  1
184073199081  2
052073087165  1
192168042055  4
192168150006  6
209205219018  1
031216147137  1
068064005092  1
192168042052  6
192168121229  2
192168081034  4
074125165170  2
192168121024  1
038065009035  3
192168042047  5
192168060015  6
052017137240  1
192168042045  6
192168042036  6
185094084120  1
072021091066  4
074125026154  1
192168125017  2
192168042035  6
052020182036  1
192168042032  5
010200001033  1
063250200041  3
040097170026  1
192168052202  6
023023072086  1
192168042030  5
209085224200  1
192168072112  6
192168042025  5
052084127105  1
192168060174  5
169054033184  1
054243121116  1
054230161022  1
192168042133  6
052193200174  1
173194136187  2
192168010073  6
162208022039  5
192168042113  6
178255152022  1
207182153138  1
192168042010  6
192168041048  5
192168090104  6
192168125082  1
192168041042  5
046105203017  1
202221128175  1
192168041038  3
192168041002  5
192168041015  5
192168040003  5
074086208240  2
172217030006  5
074125134189  4
052084132153  1
192168032022  6
192168040012  6
104020123036  2
192168032094  6
137116195037  1
023014181147  1
176074182158  1
192168032008  6
088214193110  1
192168032068  6
190090221016  3
192168032065  5
192168032060  6
054152080002  2
104016099029  2
192168032058  6
192168090077  6
192168032053  5
192168032050  5
198008070211  2
169054033207  1
104028027056  1
172217029070  5
192168032049  6
054244032185  1
192168072250  1
192168090049  5
023101156198  3
192168032003  6
192168040017  5
151101032084  2
173194027156  2
192168010026  6
094124250002  1
204154111111  1
052022187029  1
216172057202  1
052084132026  1
172019001195  1
052002005152  1
129033138031  2
190220056004  1
192168032018  6
192168032017  6
192168032105  1
052207032093  2
192168032161  5
192168041050  4
192168211035  1
192168032145  3
172018001065  2
023009053117  1
054192036043  1
192168090072  5
192168220153  5
050017240035  1
177071203027  1
192168032142  2
192168072045  6
192168032141  2
104024109053  1
192168142017  4
052203180253  3
192168072062  4
052003178188  1
192168032082  1
034200085221  1
192168072074  6
192168180146  2
040097170194  1
192168180131  1
192168032140  5
192168220108  6
192168052038  2
192168131013  6
158085224172  1
192168032138  2
151101066049  2
173194136167  1
192168032133  2
054086224138  1
054225121009  1
192168032132  6
192168072147  5
064233190154  2
192168081010  1
054194232052  1
065052108215  1
192168072049  6
104025202025  1
154053224198  1
192168032125  6
195149210072  1
192168032122  6
037252230019  1
192168090121  2
193235206003  1
098139180180  1
192168032121  6
192168072149  2
173194136202  3
023002012111  2
192168032010  4
192168031009  4
192168029058  6
192168102015  3
172022001024  2
052214111234  1
104016205165  1
052073094046  1
192168090078  5
192173028037  5
052001146199  1
192168090039  6
192168220004  6
192168060110  6
192168220180  6
173194024204  1
192168060030  6
192168032111  2
192168220177  6
010200007006  847
192168142006  1
172019001091  2
192168127078  2
192168180010  4
065052108185  1
010130012001  1
192168180026  1
137116165160  1
157056052037  1
192168220174  5
192168220173  6
192168142044  1
192168180119  5
192168220162  6
158085224177  2
052025074141  1
216058219131  1
192168220161  6
192168211039  1
172217001035  1
023032192122  1
054230161139  1
173194024252  1
144217071087  1
192168180035  4
179001004244  6
052087124213  1
173194012143  1
052020198183  1
172018001062  2
192168205131  5
192168130007  5
192168032108  6
104244043048  1
074125165210  1
157055235167  1
052085107037  1
192168032046  6
173194136201  1
052000058084  3
005135104098  2
054088143253  2
023009055201  1
192168032006  5
184154072007  1
085017189108  2
045055144249  1
192168041036  3
192168032070  6
062004000029  1
208100017189  1
172217030010  6
192168072085  3
104244046135  3
132148012056  1
172217030001  6
213239222023  1
200025054008  1
054192037066  1
200187199067  1
065055068120  1
052086063221  1
192168081026  6
172217029069  6
172017001101  1
077067109163  3
013069188018  2
172217029042  6
192168220102  6
192168072039  5
192168032026  4
192168060056  6
192168131009  4
192168032024  5
192168060069  2
192168032023  6
192168130065  3
052022210238  1
172217029037  6
192168010078  5
052176057153  1
040097136194  3
065055223017  1
192168127082  4
192168090120  5
052225131017  2
172217019195  3
192168032089  1
068067178243  5
172022001222  1
067202094093  1
192168180067  6
209126107215  2
172217017035  2
192168081011  6
204145082024  1
173194136217  1
192168060126  6
192168180061  3
216058192097  2
131253014213  2
052003009078  1
146020132078  1
052085107173  2
104020194042  1
146088138092  1
034198174010  2
216022100037  1
192168081112  5
134170052194  1
052035227152  1
010230001057  6
064087005207  1
040069071128  1
192168110029  6
192168180040  6
172022001145  1
192168010112  4
054225159036  1
031013073001  2
192168060070  1
192168072051  5
172018001075  2
173194027249  2
172018001040  1
138091243193  3
216058202229  6
050031164175  2
192168142056  5
192168190071  1
192168090016  6
172018001025  2
172018001222  1
172093004205  1
052024218174  1
205251207006  2
069004231031  1
172018001217  1
192111140006  1
172018001208  1
192168142059  6
192168142011  6
172021001016  2
052166113146  1
149154175115  1
192168032021  6
192168060097  2
192168180104  4
169055235169  1
192168042003  6
169054178216  1
168061170080  5
130211009211  2
192168081057  6
038090226040  1
052085107041  2
192168010055  2
172019001043  1
110075158023  1
052206069230  1
162208022034  5
034193243094  1
162125004001  5
192168121028  3
192168090054  6
104016075039  1
010200001118  12
151139245099  1
104025034099  2
066035058087  1
172217029071  2
162125018133  6
159127042108  2
192168060050  6
173241242143  2
192168029055  5
193124176048  2
158085042054  1
031216145010  1
104091165185  1
192168090031  1
054214044160  1
054192162150  1
008253069062  1
192168041043  4
054087135013  1
010230001220  5
208080054046  2
096007009110  4
104025215112  1
192168180113  1
192168142052  5
091216063244  2
038090226013  6
128135010032  1
192168032128  5
200003145032  1
192000078012  1
104027189188  1
192168010084  4
192168090037  6
192082243118  2
198050112206  1
023000197131  1
052023027146  1
172018001036  2
104025203025  1
054239027149  1
192168090012  6
052004172082  1
152163056002  5
192168151004  4
052200157132  1
208080154240  2
151101064068  1
077234044034  1
192168010037  6
192168125006  3
192168127011  1
192168130052  3
151101032246  5
192168081053  5
192168130067  6
192168072057  4
190060123120  1
192168122074  2
192168180013  6
034199168201  1
162125032005  4
091228166149  6
052071160191  2
066225205051  1
192168041041  6
192168195034  1
104210209029  3
216104218063  1
216058212195  4
023067027202  1
010230001213  6
050017200161  1
192168110009  4
052112066172  2
050016227133  1
151101002002  4
172217030018  1
192168060193  6
052207112223  2
065052108186  1
173194184044  1
192168040033  6
104196194197  4
192168205105  6
192168220186  6
054209151008  1
151101192134  2
192168010060  4
192168220159  2
074119118100  4
172018001103  1
151101130002  4
109069008018  1
054068109004  1
192243250058  1
192168010066  5
172022001142  1
104199240120  1
052202043044  1
023000088218  1
192168010115  6
192168060068  6
192168130005  6
192168029006  6
052055225127  1
192168122061  1
192168180004  4
158085224179  2
192168072048  6
151101128166  2
192168142030  6
192168102009  4
054085022109  1
131253014153  1
172019001018  1
172017001102  2
198008070212  2
104031082129  1
151101001108  2
216200232172  1
104091149170  2
050019199214  2
172018001077  2
052085106132  1
192168202075  6
104196050110  1
173194027168  1
166078192064  1
008247102197  1
172019001123  1
192168042080  5
038072130139  1
173236031090  1
192168032106  6
192168130074  6
031216144039  1
192168010031  4
077234044025  3
107021213098  1
173194027167  2
154053225102  1
192168041049  5
052225134093  1
052019232126  1
192168072031  6
104016053004  3
192099016081  1
192168171002  2
064004054098  1
138201132082  1
107178254065  3
104028005039  1
192168031010  6
170238064078  1
095154251131  1
010230001163  6
192168072160  5
107020210061  1
208080054049  3
204086118017  1
192168010080  2
054087174207  1
192168032118  2
063250200072  1
131253061082  4
108167140163  4
192168180060  6
190090221026  4
104024108053  1
172019001245  2
040097125114  1
034198006122  1
104016022011  3
104091138099  1
104196116189  1
192168060215  2
054172006233  1
072246211048  1
192168125038  2
013107042011  6
040077232095  1
052206093197  2
052072142073  1
172019001182  2
205185216042  3
172018001033  1
068178177008  1
192168060083  5
052003078166  1
192168010003  6
054192037036  1
052003034229  1
104244046103  3
192168060081  6
104025099015  1
104208152137  2
010230001056  6
172217029067  2
023021056063  1
192168180114  1
192168072103  6
192168032061  6
192168010038  2
131253034240  2
071031061143  1
052002220215  1
192168081035  6
010230001069  6
192229163033  1
151101065069  1
192168130061  6
192168211042  2
169055074042  1
192168127079  1
208093230130  2
192168041039  3
066085007154  1
108177012102  1
169055070195  2
104025220022  1
207046101029  3
192168180003  6
198232125032  1
052206053179  1
192168050002  6
138197063211  2
192168090024  6
216058218227  2
192168032097  6
192168010126  2
040097155026  3
052014162018  1
192168029032  6
192168010091  5
162242240067  1
192168010039  4
023021088018  1
008254208206  1
192168010058  6
131253034250  1
023009061176  1
104016027235  5
216177204159  1
023009060186  2
192168081106  6
052084082250  1
052165134138  1
054230162213  1
192168180094  2
010230001050  5
074125107232  1
107020240048  1
109069008037  1
173194136168  1
148251068131  1
172019001050  2
185053036105  1
192168142042  4
192168142005  6
136179015193  1
192168090026  6
192168010023  6
162125018006  2
108168151006  2
054094234059  1
157055006071  1
104016023011  4
192168060087  3
010230001073  6
151101000175  2
192168142066  6
054165157207  1
162125003001  2
157240000022  5
192168180039  4
104016024235  4
130211017221  1
052040019044  1
010230001014  6
204079197203  5
192168081066  4
192168010029  4
192168112004  6
192168052054  5
052084033198  1
067199248025  1
131253014192  4
192168060092  6
010230001200  6
023014186080  1
172217030002  6
050031164173  3
192168072068  3
192168042028  6
192168081029  4
187191088141  1
192000072021  3
052084132223  1
023032206035  1
192168120006  2
010230001004  2
067226210012  1
013077092139  5
010230001161  6
192168180122  2
031216144085  1
192168125012  4
104244043081  2
139059200233  1
010200007007  739
192169005030  2
192168125121  1
198051152183  2
192168040032  6
172217004067  2
192016059001  1
023096219115  1
192168220171  5
192168090155  5
140234252014  2
190242058194  1
192168072076  4
173194027187  2
010230001150  6
104043203255  6
192168042005  6
013093118133  2
052001096065  1
172018001079  1
149056241124  1
192168102019  5
052033209128  1
017248184025  1
034202223205  1
216058222196  6
072246209189  1
192168122032  1
137116077120  3
146020132109  1
201217221019  3
040121091199  1
052027215054  1
192168220175  6
054230161149  1
052005219205  2
192168090134  3
063251248136  3
010230001160  6
038065020026  1
093184216016  4
108168186026  1
010230001110  3
054209172074  1
179001004245  6
168061149017  1
173255118158  2
173241254212  2
151101192166  1
010200001230  4
192168122007  2
192168122068  6
104016206165  1
172217029051  2
199015215196  1
052054148049  1
054230161025  1
052073030018  1
096043151208  2
192168042083  4
216058222200  5
162255037227  1
192168072153  4
107178242164  1
063241108103  2
192168041053  6
065099198156  4
192168127058  3
192168032062  6
192168102005  6
052205153196  1
192168042102  5
104091143240  1
192168090073  6
169055126115  1
040117144240  2
023021251185  1
104196114090  1
169046044040  2
192168122036  2
074125165148  1
216058212131  2
138108006020  2
200013201147  1
190217104139  1
190090221025  4
192168032059  4
108177012139  3
172021001240  1
192168102013  5
104020110039  2
173194136218  1
192168121003  3
192168220152  6
162144111072  1
185094084006  1
132148026111  1
172018001107  1
179001004230  6
192168032009  6
192168180015  6
192168090119  2
074119118094  4
185049145156  1
192168081109  6
096007004174  3
046004214014  1
192168010022  6
192168110008  5
052002030221  1
190090221019  3
176028049087  1
204013193176  2
192168010048  3
046252199001  1
192168131014  2
010230001229  4
072246048090  1
192168130023  3
192168125124  1
192168090085  5
052225131013  1
172217030009  3
192168042101  4
190090221050  5
173194027199  3
173194027215  1
104117080033  4
185086138016  1
216058222238  5
072030002182  6
010200007009  869
069042111091  1
172018001101  1
054230162113  1
192168010061  3
104016064054  1
172019001131  2
190090221018  5
192168010100  4
069147092011  2
052202231182  1
192168110020  6
192168125113  1
192168010125  6
192168127048  2
192168060183  6
023067018048  1
052020193083  1
192168121125  1
169047025079  1
172022001231  2
192168072040  4
216039055012  1
192168032103  3
169046131128  6
050116194023  3
192168121022  2
054173020235  2
052001172141  1
192168042088  6
192168060037  3
052073135114  2
172018001035  1
052045237133  1
010200001195  1
107178247057  6
172018001223  2
052003122109  1
068064013154  1
130211038145  1
040097166178  1
192168060131  1
132248065075  2
010020004012  3
069064057143  1
010230001221  6
109071162195  1
192168130059  6
054225148189  1
052225134022  1
023009050217  4
065052108011  4
192168081023  6
103235046012  1
192168010070  5
052084132253  1
192168042058  5
192168180130  1
192168180008  4
210128243067  1
192168180087  3
173241244199  1
192168190068  1
131253061084  4
185086138079  1
192168029030  5
172017001105  1
192168125110  1
065055138186  1
192168180059  1
140234252163  1
192168180041  2
192168090145  2
192168127040  3
023009055208  1
151101194002  5
172217030013  3
052072161014  1
192168125028  1
168096248140  1
173194136204  1
166078074222  2
192168130087  2
192168010028  5
052084083005  1
190090221049  2
192168130245  5
198054201003  1
104210208016  1
096127137236  1
054209102237  1
212053139041  5
156154200036  2
157240000017  1
010230001012  6
107021245245  1
104016100029  1
107022182189  1
192168202014  6
192168010056  5
052086198233  1
104244046039  2
066150048020  1
192168072034  6
192168220164  6
192168050005  5
151101066002  4
010200007008  765
192168032109  6
192168180112  3
192168125117  2
171017138003  1
192168130062  6
052233180045  1
104091148221  3
062004000028  1
190090221017  2
104091139244  1
192033031162  1
192168010005  6
010230001003  6
172019001097  2
174036042098  1
063140042011  2
200031212022  1
192168180085  3
192168180121  5
192168060061  6
192016031049  2
192168171024  2
052022017184  2
192168072095  6
192168072105  6
108168157087  1
065055252071  1
192168110027  1
192168060204  3
192168072122  3
172022001030  2
146020132123  1
052001246030  1
190090221024  6
065052108235  1
192168010041  2
216058212206  1
192168122067  6
065052108103  2
052000093246  2
104091156236  5
192168150023  6
108177012095  1
010230001222  6
216172061131  1
136243024163  1
173194055232  1
052088007060  1
010130010176  1
185028222011  2
192168081040  4
192168060054  4
192168130041  5
010230001119  6
201131090022  1
172217030005  6
054210027011  1
013107003128  6
096007009223  1
108178010066  1
192168032011  6
190090221042  5
108168178157  1
192168122088  3
192168142037  6
192168032028  6
172217029034  6
192168010095  3
192168180143  3
213186033087  1
192168110012  5
023009053223  1
184173097068  1
192168081110  2
192168090094  3
104031067219  1
192168081006  6
200024059020  1
192168051050  2
192168090109  2
216058222197  6
172217010238  5
192168151009  4
023009055120  1
192168090030  6
108160172238  1
157055130157  1
104016084055  1
104254150058  1
179001004237  6
192168180072  6
192173028226  2
192168130002  5
104017049107  1
192168090068  2
008043072044  2
052218064041  1
192168130016  5
013107021200  6
172217017099  3
012130131126  1
192168010109  3
190145092018  1
023009051129  1
054186199157  1
192168042040  6
010230001251  3
192168060078  4
192168072124  5
172019001055  1
052001095051  1
192168110011  6
192168205135  6
169054033186  1
104091143125  1
104044088028  1
173194027219  1
192168012005  5
199233057016  2
104031008155  1
054174193198  2
034196058218  1
192168032054  6
054230161190  1
169054033185  1
190216057021  1
192168142032  5
104244046167  1
192168010042  5
192168112014  6
168061189169  2
005226176016  2
173241242220  2
216058210035  1
192168032002  3
158042009254  1
184073116128  1
192168090047  2
154053225090  2
192168090079  3
192168029056  6
192168052061  3
192168010077  5
192168032096  6
192168127017  4
074006034027  1
192168010132  5
050116194021  4
192168041040  4
190090221051  6
052214039079  1
146020129126  1
137116167204  1
066135209027  1
192168060128  2
192168072052  3
054192162139  2
192168060107  6
192168072088  6
192168010116  5
151101000166  2
192168032127  6
192168050009  2
188042162155  1
104016025235  3
192168127065  5
131253061064  3
192168190095  1
172018001229  1
074125200121  1
162210196141  1
172022001155  1
192168010044  4
192168102031  5
192168040021  6
052205137183  1
200124124022  1
200025054010  2
190090221040  3
192168125026  4
064233190189  6
192035249124  1
192168131015  4
192168142061  3
193124180188  1
192168072108  6
054245251207  2
192168060115  5
190005195132  1
031216144092  1
010230001070  6
045063069160  1
104130033005  1
185168113162  1
192168180011  6
074217253060  2
192168042098  6
108174010010  2
104016161013  1
192168151003  3
184072244217  1
172217029066  6
172018001064  1
131253061098  1
192168060075  6
192168090100  6
192168130068  2
052084078198  1
172217029074  6
192168205130  6
192168032041  2
104046062041  2
104208028054  5
146020128213  1
091199101041  1
077234044023  4
010230001013  3
192168202011  4
173194027152  1
192168032099  6
052085107043  1
172018001083  1
023014181104  1
034206027193  1
192168180139  2
010230001199  4
040097170154  2
208080054031  2
192168029037  6
192168122044  3
192168180020  1
192168032114  6
200025054096  2
195190079241  1
173194027232  1
050017171137  1
192168130073  6
107021235197  1
192168130009  2
172217030014  2
173194027251  1
031216145035  1
192168041029  3
192168112012  6
173194027188  1
192168125216  2
192168072098  4
010230001253  5
173194007008  1
188165012056  1
192168010047  5
054145000083  1
052094232033  4
192150019183  1
192168110026  6
192168130003  2
192168041008  4
173214250036  1
213239207069  4
178255153126  1
192168180046  1
192168151005  2
054210250021  1
094046164014  1
192168125109  6
010230001151  5
192168010082  3
052003183013  1
192000073002  3
052034028127  1
216115223094  1
104028016099  1
173194215189  2
192168060113  5
179001004216  6
190090221041  1
192168122024  3
179001004224  6
052212212025  1
162125004003  5
192168090111  2
179001004231  6
052070061130  1
034196191061  1
192168202007  6
192168127013  5
193235032152  1
052176103028  1
147067240009  1
052020235234  1
185120147019  1
107151003131  1
216058222074  6
181057206016  1
190090221035  4
192168090102  4
192000076003  2
192168211074  2
192168032040  6
173194027151  1
040077016143  6
192168032092  6
192168029005  6
066150048038  1
104091128115  1
192016058172  2
023013224198  1
192168090076  5
151101064084  4
192168010102  5
023007116075  1
204044079204  1
192168112025  5
010230001126  4
192168042145  4
168176028057  1
192168112013  6
192168060046  6
192168010130  4
216058201227  1
192168041003  5
192168032044  3
216058222065  6
023009051111  3
204086118025  1
095101029030  2
192168130026  4
199091152026  1
192168110016  6
192168010006  6
052073182133  2
184172163114  1
192168010019  6
172021001033  2
052085107226  2
068067178138  2
192168010020  6
192168180077  2
172019001045  1
192168010032  6
192168180118  4
172018001104  2
192168131037  6
108059006118  3
052084132221  1
192168180068  4
192229210095  1
069060098116  1
104019196102  2
192168041052  5
192168052064  2
192168125111  6
096007000079  1
169054033176  1
010230001240  5
129164142074  6
192168031003  5
172019001246  2
192168010050  5
192168142074  6
072021081169  1
052206195172  1
192168010083  5
096007012147  2
064140170005  3
192168010059  5
104016023235  3
093184216172  3
054084202027  3
204002254231  1
192168040005  5
038099237034  1
010200007194  4060
054236119209  1
162013061166  1
173231178117  1
192168010074  3
065055252167  5
052036249151  1
192168010008  6
052200255211  1
192168010009  6
172018001102  2
094228133235  1
173194141188  1
010230001155  6
081017208213  2
192168102010  4
172019001253  2
192000077032  2
192168010094  6
192168032087  1
192168142043  6
192168010097  4
170254228238  1
192168032033  6
192168102014  6
192168010075  5
216239032027  1
179001004210  6
064233186121  2
192168102029  5
216058222066  6
161170236122  1
217016180177  1
010230001021  6
192168120029  1
052004197050  2
192168220167  6
192168150018  5
192168010016  6
017167192231  1
104024113117  1
192168121136  4
172018001082  1
040097119178  1
192168180095  1
010130006091  1
130126113147  1
192168121032  5
192168190008  2
216058222211  2
179001004207  4
052007126247  1
023004187027  6
052003097068  1
104091134101  1
104016077166  2
192168122020  2
052072113239  1
010230001242  6
040097150082  2
023023213182  1
192168122021  2
031013073052  2
107020225181  1
192168060098  3
192168040035  4
172016141247  6
040077226217  3
172019001178  2
031216144021  1
192168122072  2
192168180147  3
208080054032  4
023009048112  1
069196224022  1
192168052053  1
192168041032  3
216058222195  6
169053029143  1
131253061080  2
010230001247  1
192168151002  6
052000060012  5
074125170039  1
192168052014  5
192168127012  3
192168060152  4
173194008216  1
192168121083  1
064030224172  1
168063139056  1
192168072106  2
192168032069  2
192168090148  1
031216144067  1
192168180080  3
192168130011  5
107021060055  1
192243250072  1
192168029059  6
190025241181  1
068067180012  4
192168131029  6
104091149088  1
173241244143  5
190008176090  1
192168130012  6
010200007199  4640
108177015125  1
192168130027  6
192168130047  5
052006055136  1
192168180116  2
192168127050  5
192168130050  5
172019001254  2
198252206025  3
052202029249  1
192168121116  3
054213123171  1
192095033211  1
192168131017  6
104031080173  1
198054201010  1
192168121097  1
216058222106  6
192168081180  3
054241191236  1
192168130006  2
192168142057  5
192168180018  6
054146151035  1
192168220176  5
015059072098  1
054230037177  1
192168010064  5
064233186189  6
034196064082  1
052084133246  1
172022001015  2
208066204190  1
040114233108  1
035185039208  1
192168042077  5
209197003022  1
052216227067  1
192168151007  3
192168131003  6
192168010110  2
023021123254  2
192168142008  4
192168125119  1
052052174092  1
192168131007  5
192168041244  4
192168128105  3
054230161225  1
010020004043  4
172018001087  2
192168142012  5
192168042002  6
192168142018  5
054229098123  1
192168032150  6
192168142210  6
064038119027  2
192168072097  3
192168180007  6
035186209169  1
173194027247  2
192168142029  5
192168142041  3
192168142046  3
023096038064  1
192173028035  4
074119118084  4
192168142058  6
173194027203  1
192168072136  6
192168010004  6
192168142063  6
192168060031  1
192168142068  6
010200007005  852
192168051004  6
192168042013  6
154053224158  1
192168110019  5
010230001162  6
192168150009  5
216058222099  3
054232119161  1
192168150007  3
192168151012  6
023067199181  1
054165073029  1
192168180100  2
192168130019  6
192168081056  2
172022001032  2
192168029018  6
069031054141  2
052233183200  1
192168220010  6
208080054066  5
216058222194  6
172016141249  6
169044099105  3
023007123108  1
190008176010  1
054192037031  1
192168180014  6
054149014047  1
054165015242  1
192168180022  5
192168072032  5
104025033099  5
192168130022  5
170254228229  1
192168060004  6
192168180042  6
192168010007  4
192168090131  4
192168180005  6
192168180066  6
172018001231  1
192168042072  5
192168032113  2
066150048057  1
192168220158  6
192168180078  4
054164155125  2
192168090086  5
192168190014  2
054175106066  1
192168202004  6
192168202008  1
064074103168  2
192168171014  1
192168220101  5
162125034129  5
216058222109  6
172018001203  1
198011132117  1
192168220105  6
192168060151  3
192168122042  3
068067178196  3
052202171014  1
040097137130  2
054243104069  1
023062163031  3
096007001002  3
172217017131  3
104031078208  1
192168060093  6
005039044193  1
052022146017  1
192168220156  6
052073164050  1
208097137079  3
052073123067  1
069241099070  1
205196120006  1
023067020244  1
054230161076  1
208080054153  4
023001124019  1
052007091191  1
054230161009  1
172018001078  1
216058222202  6
107022230044  2
054235129113  1
192168060051  5
054243179164  1
054243182094  1
208254074078  1
054243043158  1
192168060100  4
067217086010  1
200001124109  2
054243094211  1
054244228103  2
169055070175  4
054245232248  1
054080132116  1
104016026235  2
013107004050  5
063241108104  2
172019001038  1
062149142137  1
063250200063  1
199016156241  2
063251088057  1
023001118016  1
146020128095  1
064233190157  3
064233190188  6
192168131004  6
192168190157  2
204079197200  5
216058219067  6
064004054018  2
064074232039  1
185108084142  1
023021145230  1
052084132070  1
064076243037  1
065052108033  3
065052108074  5
192168081027  3
052087030187  1
052054142088  1
065052108076  6
172018001200  2
040121144182  1
216058222115  2
204013194231  2
065055044109  5
173194027236  2
066150048043  2
192168125022  4
066165175249  1
192168072060  3
104244043017  2
162223054016  1
192168090139  4
192168041026  6
052084132103  1
066196116112  6
066235138195  1
023021140141  1
107178250006  1
066242015227  1
066235141146  1
093093051195  1
104091136178  1
172022001065  2
192168110018  4
068067178110  5
192168029041  5
068067178132  4
010230001090  6
068067178137  6
008253048249  1
068067178170  5
068067178173  5
068067178199  3
068067178230  5
074119118082  5
192168131020  2
192168110010  5
068067180138  3
108174011065  3
173194027248  2
068067180044  4
052072046089  1
069147092012  3
040097145186  1
069164223044  3
216058219132  2
172018001068  2
192168052203  3
069172216111  6
008018025028  1
192168090084  3
069172216055  6
069174248148  2
054227248018  2
065055044108  1
034195145129  1
069175105163  3
209015239076  1
069175091067  6
008043072057  1
069031054133  6
192168120025  1
069031054143  3
192168130054  2
172021001014  2
192168202009  6
072021207079  1
192168131032  6
072030003042  2
192168090138  4
074113233038  2
192168090025  5
052088112239  1
054230161191  1
192168072126  5
192168032129  2
074119118071  6
052085107207  1
074119118078  6
010200007196  4071
074121140172  1
074125107215  2
192168060108  3
074125159135  1
034224017057  1
192168102008  1
074125007041  1
052167118111  1
074208080126  1
131253061100  1
192168081025  5
095211229245  2
054197248196  3
209225049115  3
089255249055  1
192168090004  3
074217250092  1
192168040031  6
192240102198  1
075098068163  1
104254204248  1
008043072113  1
008043072021  2
216058222199  1
192168032139  5
088099056130  2
192168220107  6
089115233085  1
010200007195  4182
216033197115  4
054173157015  1
091121245250  1
091190219146  1
091228166011  5
192168010011  4
192168032117  6
192168032004  3
192168072083  6
185163111135  1
072021091029  4
151101128233  2
169045071051  1
091228167146  6
050016232083  1
192168130103  4
192168150030  1
093184215201  6
077234044024  2
023052091027  2
157056077149  1
093184216178  1
192168180150  2
093093053194  1
052034255083  1
192168052217  6
095101029171  1
192168220109  4
096007001198  6
096007013085  1
096007002113  3
096007002165  6
192168122075  4
192168192002  1
104024099104  1
064233190125  3
094031029055  1
023014179183  1
052084083008  1
096007004228  1
096007008095  6
172016255183  6
192168072067  2
192168032091  6
098138079073  6
192168180052  6
172022001111  2
077234044026  3
052006224156  1
192168010088  2
098139225043  3
098142102074  1
010020002114  6
192168090172  2
034198188191  1
172019001204  2
010200001140  6
023004181163  1
010200001016  5
192168110013  3
010200007217  4405
074119118092  5
010230001156  2
104244046007  1
172018001080  1
192161156001  1
192168031004  4
104196180185  1
104020122036  2
054174046043  1
104020061049  3
104244042065  2
054230161152  1
205251207210  1
192168122012  1
192168090136  1
104244043144  1
192168010065  6
104244043016  1
104244043176  2
173194209189  6
050016225020  2
052087028051  1
104091129008  1
104091145220  1
192168150029  1
040097049178  2
104091145083  1
034204254035  2
010200007218  5042
192000123249  1
104091157056  3
192168072151  3
104091161122  1
052091184146  2
107182233159  3
192168127021  2
107182233047  5
179001004205  5
192168110031  5
010200001166  6
107020150245  1
107021049080  3
052072131083  1
130014029110  2
107006171131  4
192168130089  3
064233186188  6
108177011189  6
010230001190  6
012189148103  1
172018001201  1
131253061066  4
134170058125  1
134170111154  3
013091060030  3
134170058121  1
050097040233  1
023046002013  3
185094084135  1
147067119103  1
149154171022  1
149154175016  1
151101000207  1
172019001058  2
192168090065  6
157240000053  2
209085224156  2
063251252012  3
159203172063  1
052084132140  1
168063100061  2
130211186109  1
192168122043  2
054242189178  1
169055162008  1
169055074050  3
172019001040  1
192168060017  3
192168060117  6
052020001060  1
172217029078  1
052167222082  1
065052108231  1
052206038221  2
172217030007  2
072167239239  2
179001004251  6
172022001023  2
178062126102  1
052020075151  2
052201003251  2
172022001247  2
146020129062  1
173194212138  1
134170051190  3
192243250066  1
104016066157  1
173194213189  6
074125139189  4
173194214100  1
052225131238  1
157055109224  1
181049188140  3
173194214189  6
173194027153  2
192168072133  1
173194027169  3
174129011191  1
052045140196  1
192168010033  2
192168010105  6
178255083001  5
201131090023  1
192168180145  6
184087005110  1
185048081079  4
190090221043  5
190098214250  2
017188140168  1
192000078022  1
192168010012  5
192168010134  5
192168121120  1
192168010118  6
192168010135  4
192168010017  5
074119117078  6
216058222234  6
192168010043  4
108177011095  1
192168010045  6
192168010046  5
173194143053  1
151101128249  1
199016157105  2
151101032134  6
192168010085  6
107021116202  1
191234072186  1
107022198092  1
052085107082  2
192168010096  3
199016156200  1
192168125126  2
192168010099  5
192168180098  6
193144193087  1
199038164165  2
065054225168  1
192168010030  6
192168112002  4
192168112005  6
192168127035  2
192168112006  5
192099021165  6
050018196201  2
192168127061  3
192168120017  5
192168121143  4
192168121070  2
192000072018  1
165158001098  1
192168122014  4
104024014086  1
062161094230  1
035165158113  1
065052108090  1
192168122052  4
192168010101  1
192168122081  6
178250000078  3
192168125108  6
192168131038  6
192168142031  2
192168125019  5
192168127026  4
192168122004  1
052045113186  1
172018001028  2
192168127004  3
192168081147  6
192168127086  6
192168032031  2
192168041010  5
054239017113  4
216058201163  2
192168130015  5
192168127008  1
192168041009  6
192168130030  5
054209205180  1
192168130038  5
192168050003  3
050087249076  1
192168130072  6
172019001035  1
173194136186  4
192168130093  6
192168171007  2
192168072127  5
192168072054  6
151101064143  4
192168081091  5
151101192249  1
192168142023  3
104041208054  1
104016089193  1
093174095027  2
192168042016  6
054164226139  1
192168142034  2
192168090051  1
192168142036  6
192168142040  4
192168090093  4
192168142071  5
172018001086  1
054231081080  1
023021188078  1
192168142009  2
052205062013  1
192168010034  6
192168150016  6
216058222205  3
192168151008  6
052202039044  2
192168171025  1
192168180055  5
192168190080  1
040113014159  1
192168202016  3
023032195039  1
192168220011  6
050023131235  1
093184216146  1
192168220155  6
062097082040  1
192168220179  6
172018001072  1
192168220184  5
190090221033  5
091228167125  1
192168220187  6
096007006042  1
192168220151  4
192168029015  3
104031087181  1
208043192033  1
040097028130  1
192168029039  6
192168032110  6
192168032120  1
172217029083  4
035156127010  1
192168032029  6
052201122021  1
010230001093  4
192168032035  6
192168010133  3
192168032043  2
192168102004  2
192168032047  6
034239234100  1
209085224152  2
192168190002  2
192168032048  4
192082242021  1
089115233083  1
104020088174  2
192168032057  2
192168032067  6
035160078216  1
192168040014  5
192168032088  2
178250000085  1
023043169030  1
192168040015  5
034202126119  1
198011132250  1
192168040024  6
034192166135  1
192168040029  6
192168040038  6
192168142038  3
192168040008  6
173194027200  3
192168040009  6
192168041210  4
192168072096  4
052085107088  1
192168180044  5
192168041030  6
192168041031  2
074125165082  2
038090226012  6
192168041033  2
192168072158  5
151101129108  2
192168041044  4
107023138085  1
192168041045  4
054164054149  1
010130013177  1
192168041047  5
212081093229  1
192168042123  4
052001071239  1
192168042024  5
068180134007  5
192168042026  5
052202201151  3
192168042046  6
031216148013  1
192168150011  4
192168042064  5
052207056250  1
192168052019  6
074121142169  1
052055125033  2
066035058076  1
078040123096  1
192168052220  5
035167220041  1
192168010040  3
023009056134  1
192168052029  2
192168042149  5
052084132121  1
130094072197  1
192168060103  4
054086146232  2
192168060104  6
199096057006  5
204154111116  1
192168060121  4
192168052025  2
192168060013  5
192168090087  1
192168060200  1
192168041056  3
010200007004  834
192168060025  5
192168060045  5
192168142016  3
192168060064  6
192168060085  1
040080145038  1
023005147186  3
085114159093  2
192168060088  6
052003140205  1
192168072131  6
052085107228  1
192168072230  6
040097113210  2
192168072162  2
185048081029  1
192168127047  1
192168072035  6
052201136054  2
208092055074  2
192168180032  5
192168072073  5
052216065171  1
064233190121  2
023253136060  1
192168072091  6
192168072093  6
034196158065  1
192168081033  6
192168081004  6
151101130049  3
192168081007  6
052085106080  1
192168081072  3
157055240220  1
023000197148  1
192168081087  6
192168090062  2
104016026035  1
192168142048  6
023032194052  1
104244043145  1
192168090010  5
192168125158  1
192168042079  1
192168090011  3
192168032005  5
192168090022  6
216058222084  1
172021001043  2
192168090028  6
052000209212  1
054085185102  1
192168090053  6
192168090060  6
192173028049  2
208080052072  2
192168142020  5
023005154108  1
040077064160  1
192168130039  6
192168072116  4
192243250016  1
192243054165  1
192168060055  3
082223148168  1
031216147147  1
192030253124  2
065055223023  1
198134112232  1
198232124196  2
199016156105  1
040117096104  3
192168010057  4
199016156075  1
054230161037  1
054088183161  1
192168130014  5
104024010090  1
091190219145  1
034194190161  1
199083135244  1
200025054153  1
200025054154  1
054213089053  1
200041082025  1
010230001250  4
200075050130  1
204154111107  1
052205222248  1
190090156186  2
068067178176  1
207046134255  2
207046155081  1
050097116136  1
146185029109  1
216058222101  6
208080054154  1
208080054239  4
208080054027  2
172018001015  1
192168060136  5
023032195118  1
192168081071  2
064004054117  2
208080054076  1
054192162012  1
209197003019  1
052000062044  1
216058212163  2
216058219078  2
192168060011  5
172019001213  2
023032195068  5
192168081114  5
023004182153  2
192168060172  3
192168150003  4
023009049046  1
192168072144  5
192168040046  2
023009054045  1
023009055234  2
023009056109  3
199244048095  1
023098150094  4
031222074035  1
034194227000  1
192168131249  1
023021114096  1
216058212174  2
034200201212  1
199016156232  1
034204121239  1
054207022007  1
034206090103  2
104016019035  1
098138049044  5
040117226146  5
040097132226  2
050016022124  1
040097155210  1
040097085114  3
023092189246  2
052205241037  2
173194027250  1
052206053069  1
052026121092  1
052003125213  1
192168090135  3
108177012138  3
052035043119  1
108177012189  6
052037202094  1
204011110061  1
192168032056  6
216115208230  1
052041250141  1
104016208165  2
192168041051  1
052073246213  1
192168220104  5
052084132193  1
052084133118  1
052084133180  1
052085107085  1
035156147231  1
052094228073  1
017188160025  1
104091157235  6
054174033157  1
054069041035  1
065052103075  1
136243131062  1
192168150010  6
192168042031  2
173192082196  2
074121138087  2
010230001061  4
065052108202  1
192168122025  2
065055252169  6
066175096022  4
068064013059  1
052084133049  1
157055235160  2
069031054135  2
072021081200  4
072029127161  1
052084127162  1
074113237038  1
074119117091  5
054231120083  1
192168010063  5
174036005210  1
074121142165  2
074125165246  2
192168052020  2
074125165236  1
064012245038  2
074125170204  1
072247003030  1
078140181169  1
192168060076  6
199038164055  1
091207103197  2
192168180082  1
093184216169  1
094124248003  1
192168090108  2
091228167144  4
010130005215  1
054230161206  1
169055070227  1
054246001090  1
108179206142  1
192168032072  1
162221226104  1
010020004180  3
104016166050  1
216139226104  1
054164159197  2
192168052087  5
104016027035  1
192168010018  6
192168180049  5
104091149153  2
192168110002  3
192168151011  1
065052108254  2
104237191001  3
054083078152  1
104024008005  1
065055044082  1
104244043113  3
078138112034  2
104244043177  3
104244043209  1
046004115044  1
104025144024  1
052085107239  1
104254204245  1
192168090149  2
191232080060  1
104254204250  1
104028015079  1
158085224173  1
104031000161  1
074125170219  1
216058222226  4
037139011123  1
074125165213  1
192168010076  1
034206214213  1
104031090237  2
192229210163  1
192168072148  3
107023026114  3
108167153101  2
108170007034  1
013078093008  1
137116064234  1
134170053030  1
054210187183  3
138128181122  1
052085106037  1
015072144051  1
052084080130  2
192168220103  5
151101128134  2
151101032064  3
151101064133  2
054243231153  2
157055130174  2
157056059230  1
192168032032  1
085128159196  1
162220060201  1
163172119151  1
169055235187  1
162247242020  2
052017181046  2
063251088051  1
008253165230  1
192168042022  2
017248137113  1
172217029073  2
192168072059  6
172217029077  5
158085224178  3
052021058254  1
173193144005  1
046183119164  1
173194209125  1
054086195049  1
173194212189  3
173194027216  2
192168180058  3
173194027220  1
104207145107  1
054242069137  1
174127084060  3
181049188142  1
067201034165  1
184173090195  1
149005000066  2
192168171013  2
188042162156  1
204002254229  1
091216063241  2
190216143126  4
031172081158  1
172018001038  2
190248051103  1
190090221034  5
192168010010  4
172018001070  1
192168060146  5
192168010117  4
131176236028  1
054230161138  3
192168010014  5
052203118062  1
192168010140  3
054225218212  1
052006047220  1
192168010144  1
104024011008  1
192168032051  5
068067178109  5
192168010015  5
192168010027  4
077234042057  1
192168010086  4
192168102030  3
201234075084  1
040097030130  1
192168110015  4
074125000007  1
104025212107  1
074217253061  5
192168130046  2
052042028050  2
146020132127  1
040097132194  1
192168110023  2
052006128001  1
192168110024  3
010020002116  6
192168110025  1
192168110028  3
192168110003  6
192168050022  2
156154202036  4
216058212238  1
192168110035  5
137116160101  1
192168130028  1
192168060139  1
192168112009  1
173194218188  1
054230162101  1
023023119194  1
192168120246  1
052203182217  1
192168120067  3
192168125112  3
192168121127  5
192168121139  2
065052108204  1
034205224010  1
192168122046  1
192168130037  1
192168090147  2
208092052193  1
192168130008  2
192168131028  6
104091140212  1
192168010146  3
179001004217  6
052216016248  1
192168142014  3
023226069053  1
192168180111  6
192168081074  3
035167093114  2
188092041207  1
192168180117  3
192168010143  3
192168010069  2
061135162021  1
192168180127  3
004027249254  2
192168180134  5
192168180017  6
210128243084  1
192168180002  4
192168180037  4
104020034041  1
040118214164  1
192168180069  6
052166114250  1
072021206140  2
192168190131  1
092051156086  1
192168190179  1
192168072117  4
192168121065  6
192168190075  2
192168121104  2
192168190094  2
023032207025  1
216058192078  2
074125165118  1
192168125177  2
192168072058  4
192168195019  2
192168202006  1
192168052205  2
192168032126  3
192168032007  6
052001204044  1
131253034248  1
192168041014  6
192168060112  5
192168010139  5
192168060007  6
192168032077  6
192168081143  4
066150048027  1
192168081220  3
172018001014  1
198057175171  1
192168180149  6
192168081051  6
169055070244  2
192168090002  3
192168090032  6
204086118018  1
185152066022  1
192168090045  1
192168120148  3
172217029065  6
192082242030  1
075126136146  1
208080054236  5
193235206036  2
172217002051  1
194187098131  1
052085107127  1
198105214140  1
146020133089  1
208080054033  2
198041214184  1
017248184051  1
052022078247  1
216115223035  1
151101032207  1
198050153047  2
151101192084  2
199233057019  1
200013237174  1
200016079144  1
192168150022  3
052203096054  1
192168220106  3
072246049144  1
200024017025  1
010130009060  1
200003149136  1
200074222178  1
192168072038  3
208043241178  2
023023137182  1
192168072125  5
208080054039  1
209085165007  1
216033197065  2
040097148050  1
216058209131  2
216058211110  1
192168010127  2
216058212142  1
064233190156  2
216058219161  2
054088003001  1
216058222193  6
216058222198  5
132245072114  1
217079182144  1
192227243230  2
034204240195  2
023111009032  1
010230001005  5
098138252038  4
023032202074  1
052086068249  1
052085107148  2
023067027146  1
023009048054  3
151101192175  1
200025054105  1
023009051141  4
008043072022  1
192168010025  6
023009053008  1
094247178227  1
023009056013  2
023009060226  3
091228166148  6
051254152100  1
023009061231  2
054230161042  1
192168120044  2
031222072034  1
031222072042  1
108177012113  1
034192187063  1
200025059096  3
034202093107  1
192168130083  3
034205098050  2
038065020006  1
040070221249  2
034205121055  1
173194027186  2
040097117242  2
096007012066  1
040097132002  1
040097162130  2
151101001069  1
192168010122  3
040097166130  3
054224143114  1
174129001163  1
040097169010  2
158085041203  1
045055120093  1
050097050021  1
052001010016  2
168061152029  1
216058222206  6
052002117003  1
052020126224  2
052200058136  1
172022001249  1
172018001034  2
052204136221  1
199187193001  2
052216227091  1
052030162009  2
034197029042  1
074125107202  1
063135090143  2
192168010024  6
085062086187  1
104020002102  1
023032197022  1
192000077002  3
052004152006  1
052041107152  1
052006099186  1
184072241246  1
104091140093  1
191232080058  1
151101034109  2
192168060022  6
052071092011  1
179001004238  6
052072062214  1
172018001043  1
052084132161  1
104020075067  1
052084133203  1
052085107132  1
052085107090  1
052086191185  1
052086056092  1
054145158032  1
052218048106  1
054149234165  1
054152129183  2
192168010089  3
054165008118  1
192168122055  2
054232245098  1
072246211025  3
054243242036  1
192168060072  1
054244220176  1
199083135175  1
192168029003  1
151101128217  1
054247101188  1
192168051036  1
192168029016  5
054082211213  1
192168125066  3
054084227059  1
054088106195  2
064004023162  1
107021249217  1
158069213161  1
192168180051  5
064058116134  1
064074232052  2
040097029226  2
066211181192  2
052003003138  1
185102219018  1
066033194173  1
138122201004  1
192168052243  3
066085007156  4
067227144020  1
172022001050  1
192168072066  4
054213076099  1
067072099172  1
068142111108  1
074125165172  2
023021126194  1
068142111121  3
192168010035  4
068180134008  3
172021001044  2
068067178246  5
023096179108  1
108177012156  1
074125165145  2
074125165239  1
052085107007  1
040117145132  3
074208111108  1
079125007046  1
172021001050  1
010230001239  6
192168010002  5
008030011014  2
173194136171  1
008043072098  2
094031029064  2
052216002043  1
104025189018  1
098138199240  5
098139225035  5
052007158084  1
072163009119  1
104019193102  1
104196131150  1
074119118066  5
192168042015  3
104028027164  1
104091140019  1
115112255067  1
013082054245  2
148251024069  1
107021209133  1
149174028143  1
149056241122  1
192168060165  2
151101000068  1
104041062122  2
151101194049  3
151101032249  1
192168142027  2
192168081117  1
151101064095  1
151101065006  1
157055130148  1
161069045153  1
157055056175  1
074125107214  1
169055070149  2
052207154077  2
023009062003  1
172217029033  6
151101001007  1
192168142045  6
172217030003  1
192168081094  5
054230161136  1
173194166103  1
091228167145  5
173194027185  2
017188152168  1
104208165109  6
173194027234  3
178255152019  1
172018001023  1
050097116139  1
179050025002  1
185152066017  1
192168180108  4
192168211034  2
192168120105  3
190060067098  1
192161154001  1
140177016046  1
192168110021  1
192168122019  2
023021086025  1
192168110033  2
192168112202  4
192168120061  2
192168121147  3
192168171005  2
192168121077  3
052089081255  1
192168130025  6
192168122016  1
192168090164  3
172217030019  4
192168180074  2
068067178252  3
192168171008  2
192168122030  1
192168125118  5
192168120004  1
192168125133  2
065055252202  2
192035249123  2
192168125073  2
052015116056  1
192168127024  3
065052235123  1
052205233071  1
216200232216  1
192168127027  1
065055138114  1
192168127038  2
023009048168  1
192168010062  3
192168127076  1
023100120066  1
192168150005  5
192168130105  6
034198083035  1
192168180062  1
192168180091  2
172018001061  1
173194060082  1
192168029013  2
192168032104  2
192168032064  4
192168032074  2
192168052043  6
104016233144  1
192168060024  6